0,00013173716320261;0,000139761152601287;0,000145131220854968;0,000149112219147455;0,000157015000666879;0,00015947428915253;0,000160586755754891;0,000163151855808073;0,000165336894930604;0,000167275674363819;0,00016910219698636;0,000169416292583916;0,000170551785130665;0,000167246793877977;0,000167706573817229;0,000168218035361155;0,000167256401842203;0,000165825169721358;0,000164733821779978;0,000161623197373786;0,000156331366836971;0,000152380066755701;0,000147153612497776;0,000141052015577674;
0,000140235051714178;0,000147141178765298;0,000154889596047893;0,000157784150326401;0,000161535483695761;0,000163119409509072;0,000164787027806913;0,000167086363662163;0,000168806878283529;0,000170702230821645;0,000175416849501971;0,000171957337731604;0,000173346671896452;0,00017249063458227;0,000171796743602209;0,000170068100712222;0,000168043169702217;0,000166382635496651;0,000165258204205425;0,000161387823876922;0,000156810470187666;0,000151520823674387;0,000145049523973632;0,000137189900479235;
0,000144466709560779;0,000150749678078532;0,000157459317970667;0,000160738917603071;0,00016450390563341;0,000166523580770099;0,000168608937119279;0,000170044063150882;0,000161573112311838;0,000169667083343688;0,000177881175225162;0,000181261306228396;0,0001833723753439;0,00018076646750863;0,000176368319458239;0,000169095490197921;0,00015980122336379;0,000167622093468809;0,000166780168085003;0,000163564729375432;0,000159851675227019;0,000154945570997466;0,000149227692142167;0,000142572088980771;
0,000148153085803213;0,000153584683140532;0,000159934573122153;0,000164274115440029;0,000168045146541381;0,000170720991907813;0,000173231998749747;0,000175249608580563;0,000174075718443789;0,000179196411448935;0,000184036131622978;0,000186500167949453;0,000187313447050467;0,000185542246674093;0,000182778657074806;0,000178140958152006;0,000171716319256576;0,000171718278204782;0,000170064613538193;0,000167256084142526;0,00016395473174858;0,000159703574530352;0,000154338565839773;0,000148032411564043;
0,000147533616979314;0,000155121957373305;0,000153160022752994;0,000155237364983844;0,00016014128316039;0,00016389598366563;0,000169363023408625;0,000176733524153826;0,000184077198500885;0,0001827216255186;0,000185286131800734;0,000187875031528271;0,000189320092371945;0,000188288850337887;0,000186424481647784;0,000183189893485614;0,000178221117063629;0,000176321799605048;0,00017341364395964;0,00017116400345408;0,00016786335670199;0,000163851012575637;0,000158893738098724;0,000153007743645866;
0,000151625398197755;0,000159256421696062;0,00015906733945382;0,000162474712786282;0,000167377322582969;0,000170255708114196;0,000175899704702633;0,000182340076751215;0,000188544702364525;0,000187144660052895;0,00018858114022946;0,000190666488805478;0,000191432936114202;0,000189700269870931;0,000188863518513055;0,000186535389014938;0,000182851645122105;0,000180641365992379;0,000178025679882629;0,000175641580635947;0,000172428031420568;0,000168166575881749;0,000163314614298787;0,000157832722100738;
0,000156281434757018;0,000163409434781426;0,000165567020298214;0,000170404525128353;0,000175602596407277;0,0001781591619099;0,000182532687599415;0,000186885366201654;0,000191392068249138;0,000189786001267476;0,000190488352667906;0,000192410369890193;0,000193403905646157;0,000191446040545091;0,000190718936800988;0,000189040279743698;0,00018677084720567;0,000184237930256421;0,000181780055993502;0,0001796102407313;0,000176829670129402;0,000172556191624042;0,0001681694308241;0,000163477070563862;
0,000162185877066013;0,000168736364957062;0,00017144292096079;0,000176741389482678;0,000183841878465755;0,000188528644028595;0,000192898966332675;0,000195608532851142;0,000198150714013068;0,000195377175519471;0,00019281803205073;0,000192834549130976;0,000194411217557807;0,000193234576238412;0,000192623277878836;0,000191674498106215;0,000190682393386581;0,000187636187819727;0,000184336823790011;0,000182388944695346;0,000180094662133495;0,000176203375286356;0,000173384239849236;0,000170812842401061;
0,000168269065517365;0,000174261328724482;0,00017812235633093;0,00018516402046863;0,000190843589094213;0,000194582642189284;0,000196868510589373;0,000197586756116351;0,000198887100350414;0,000196243517709774;0,000193112954987598;0,000193946603743603;0,00019419237661547;0,000193751156260691;0,000193896961116502;0,000194586217208498;0,000195371226763635;0,000191986946279188;0,000188552587719599;0,000185965743533625;0,000182387498656552;0,00017844983957786;0,000175452036188979;0,000172773297883166;
0,000174898690466432;0,000179309382163291;0,000184998365863029;0,000192179338517912;0,000195319580079005;0,000197877843961992;0,000198384554319189;0,000197463128571917;0,000198401733482738;0,000197051091386759;0,000194552181469894;0,000195352247230087;0,000194238443070449;0,000193950605681543;0,000194118983065745;0,000195772005715477;0,000198248299830167;0,00019476097458003;0,000191732669539789;0,000189212642385257;0,000185432441902286;0,000181275833006395;0,00017759385463803;0,000173977854874559;
0,000177808720266494;0,00018907206176973;0,000200425248931511;0,000205929441650991;0,000207581425469698;0,000206007671851153;0,000201054095840568;0,000193568844513082;0,000195909648167847;0,000195630670982151;0,000194818376304834;0,000195068565059887;0,000195269182395214;0,000194315769701997;0,000194406055896669;0,000196674976179072;0,000200640654289017;0,000197346185242297;0,000194896131604237;0,000192228748183951;0,000188547916378124;0,000184631770506243;0,000180645212376929;0,000176921586674394;
0,000185794751706317;0,0001922484273025;0,000203504595923807;0,000209010224472473;0,000210117283560761;0,000209430974613101;0,000205418400630218;0,000198352500353413;0,000195955339570457;0,000201275208362918;0,000204105086127012;0,000205488407030993;0,000205253928634961;0,000203589520556101;0,000201245903006816;0,000200272319543999;0,000199862948485345;0,00019966225656867;0,000198278251290115;0,000195894607528106;0,000192636447822529;0,000188951640736956;0,000185125027458461;0,00018097733161445;
0,00019027174345399;0,000195980273668109;0,000208477603423378;0,000213480910516436;0,000214056336740275;0,000213648191799848;0,000209260189904797;0,000203525793773971;0,000198909757232172;0,000205177662003453;0,00020773022402353;0,00020765500098279;0,000206948912490609;0,000205736594575316;0,000203618328530874;0,000202822115897031;0,000202509180333391;0,000202174168217885;0,000201652477319404;0,00019955260002308;0,000196961049678787;0,000193629644769485;0,000189393591842554;0,000183617905868835;
0,000188582327279225;0,000194528731541225;0,000198379676010632;0,000200677983933924;0,000202189719553169;0,000203333137952616;0,000202558125176987;0,000203132764583988;0,000205161434034531;0,000206691094759759;0,000208742674907732;0,00020922738886055;0,000209710317419503;0,000209410840082549;0,000207601825540799;0,000206623644687015;0,000205691531188549;0,000204721196546461;0,000203962238630922;0,000202774902941582;0,000201092714208393;0,000198372527355106;0,000194169498052599;0,000187233494494809;
0,000191626494526033;0,000196706387020708;0,000199281191640553;0,000200869522543548;0,000202183434229044;0,000203153950538798;0,000204333887935532;0,000207282270467801;0,000209666666089215;0,000211040610467717;0,000212187208278166;0,000211112746034205;0,000210719407277658;0,000209989414510113;0,000208928683773312;0,000208573701355365;0,000208269827840613;0,000207293357952252;0,000206688198754144;0,000205333088737065;0,000204443828606317;0,000202301093504523;0,000198735929886368;0,000193440926730965;
0,000196990037869235;0,00019866026534252;0,000203038172469239;0,000205958073417524;0,000207397515763198;0,000209127604653954;0,000210590742212082;0,000212834312832031;0,000212767177740277;0,000211778907451283;0,000214201718739055;0,000213015551070055;0,00021263689017675;0,000212154580992208;0,000211030316576569;0,000210226961584682;0,000210007871886379;0,000209255296210691;0,000209591036322834;0,000209093075253245;0,000209246118993191;0,000207612270921794;0,000204875447683249;0,000200297057847166;
0,000206170908636019;0,000205382815872128;0,000206066452152433;0,000206255375233068;0,000209865811050618;0,000214164236729874;0,000217699080912159;0,000221489170069231;0,000220197970221426;0,000218324926016662;0,000217148068730525;0,000213955317893268;0,00021443703786179;0,000214615687930515;0,000213348838195647;0,000212195428696562;0,000211817511374845;0,000211461171666554;0,000212120177935146;0,000213237235865073;0,000214486294092624;0,000213914182618262;0,000212396121783247;0,00020889331982098;
0,000216623949773505;0,000218210790373545;0,000222884124059146;0,000224003976842921;0,000224992678204637;0,000227377269891154;0,000226580433744329;0,000224256716518148;0,00021991392044832;0,000220603163952028;0,000217893287739991;0,000215296817622298;0,00021513095291555;0,00021617382531786;0,000215454273043084;0,000215138444294127;0,000215762231687299;0,000215673391789734;0,000216134447292918;0,000216880158661971;0,000217650781294706;0,000217049373826406;0,000216205313562722;0,000214634614424595;
0,000227054210105575;0,000225306303744431;0,000226410333101948;0,000225213770770986;0,000222991367193964;0,000224593253564671;0,000224822146533825;0,000224758284409558;0,000222436709599622;0,000223838659782284;0,000221381448036794;0,000219316461312282;0,000216847204604696;0,000218237551338971;0,000218946763247444;0,000219565909017891;0,00022103784548102;0,000221697381172208;0,000221435148297993;0,000221471285725926;0,000220823047612922;0,00022019462569358;0,000220338837906771;0,000222380771886983;
0,000228140503141113;0,000231479942591115;0,000220780136130374;0,000214459119406933;0,000212398942427231;0,000212221390852138;0,000214205022165651;0,000217884849755155;0,000228910668328191;0,000224002477527098;0,000222021459496103;0,000220447419528743;0,000217526596738119;0,000217608940517858;0,000220004446779674;0,00022280313997004;0,000226044387711928;0,000228510388585433;0,000228411756044111;0,000226004884389171;0,000222717501256381;0,000221617211695527;0,000222771557068424;0,000228617793166743;
0,000242936937647943;0,000236546497578388;0,000223222196489634;0,000216801441512897;0,000214237590093153;0,000214238859206453;0,000217183236513162;0,000220994349100407;0,000229319332490561;0,00022499323832211;0,000223350934939508;0,000222788075291868;0,000219210009016058;0,000219138603653157;0,000222406213166864;0,000226249878430362;0,000229702190255787;0,000232661246815784;0,000233450162242712;0,000231187975821233;0,000227119606808413;0,000226184717830831;0,000228273340647285;0,000233875065279833;
0,000251966371274205;0,000242240147773799;0,000228937399823618;0,000222677024529481;0,000220296528710972;0,000219164191455586;0,00022061695088138;0,000223778853009048;0,000228907513102549;0,000224951644978183;0,000223445764552249;0,000224287101582348;0,000222996522282503;0,000223289677851432;0,000226361452289998;0,000230443739769516;0,000233666016716089;0,000236859108520111;0,000237726761471941;0,000235567874721801;0,000232522765727613;0,000231733883248386;0,000233607666006443;0,000240904690386233;
0,000254999638333873;0,000243581514162288;0,000232328060826649;0,000228253806292313;0,000226268459456358;0,000224797443026759;0,000225393822924241;0,000227045032481612;0,000228526415335265;0,000225646055795467;0,000224260317096482;0,000225969832416596;0,00022626529526792;0,000226718197516935;0,00022972426883736;0,00023339962000096;0,000236209261850082;0,000239413835814552;0,000240058815215364;0,000238270231952384;0,000236984121972227;0,000236708931561618;0,00023933838076395;0,000247940674839972;
0,000254649834821784;0,000243087820505281;0,000234643124418116;0,000231475482205145;0,000230443093471364;0,00022914666061433;0,00023014739654596;0,00023159671465847;0,000230690114658341;0,000229188663371062;0,000227768969736683;0,000228250388217553;0,000229327970736803;0,000229473693674158;0,000232124858521538;0,000235055835433595;0,000237541242081376;0,000240177215220695;0,000240009649665336;0,000238733775453847;0,000239626759723655;0,000240978123083272;0,000245624570213361;0,000257112566854621;
0,000257206675716209;0,00024321307506548;0,000239639888631863;0,000239415692176326;0,00023801325663671;0,000236947313342881;0,000236325918306264;0,000234993912564686;0,000229648690505254;0,000226829331222225;0,000227659608981729;0,000229012108472481;0,000231225460315153;0,000231739227452028;0,000233354396447835;0,000235119602797705;0,00023663077171966;0,000238377620120169;0,000239199109397528;0,000240069425671706;0,000244240812150127;0,000247587951411358;0,000254618515088648;0,000267944500663691;
0,000260104931806555;0,00024693484657632;0,00024388498287784;0,000243397358412821;0,000241740494108723;0,000240334567033689;0,000238565881936741;0,000236721055684752;0,000228626488952863;0,000226525233535962;0,00022755612613621;0,000230117998081361;0,000233604111845532;0,000234894406471714;0,000234726827468783;0,0002343891534344;0,000234144388700058;0,000235687691951937;0,000237824729257763;0,000240843176163035;0,000247097133823624;0,00025232041114552;0,00026019321960299;0,000273655993150287;
0,000262099198572753;0,00025676725896411;0,000262651324814506;0,000263432978897727;0,000260922571083155;0,000256340415502087;0,000248801055657903;0,000239887460545643;0,000227755070751922;0,000230624356350382;0,000230495117178697;0,000231743632679965;0,000235963724315654;0,000237769023137364;0,00023673175050567;0,000235782425191063;0,000235237742852917;0,000235817955933198;0,00023707311314851;0,000241020850882202;0,000248402386390598;0,000255678660899982;0,000263016043736476;0,000271834275396458;
0,000294710735748669;0,000274731207887248;0,000277034337531792;0,000269750091354147;0,000262795547062267;0,000258093660275383;0,000249186193601992;0,000239567920353384;0,000228172067664407;0,000234933933954891;0,000237010503101754;0,000236620602259412;0,000241134362063131;0,000242984436246238;0,000241430254639059;0,000240031951876079;0,000239789441103963;0,000239360428008583;0,000239590718040789;0,000245031826826839;0,000252837846014462;0,00026020599977002;0,000266048397735054;0,000272311256910327;
0,00028826143803065;0,000272644369992898;0,000263687459522507;0,000251623602585961;0,000245396431335759;0,000241709231577161;0,00023766781511071;0,00023664213950253;0,000237123701226975;0,000239284277713576;0,000241744573086958;0,000240118285061204;0,000242850703745848;0,000244008145994907;0,000242736197736725;0,00024205439672183;0,000242662721858922;0,000242576591207027;0,000242313229381411;0,00024487360761959;0,000250308226051151;0,000257199687344217;0,000264184194622976;0,000274433547784708;
0,000285620952820682;0,00027114268807094;0,000260606914926301;0,00024922091074274;0,000242074147823306;0,000238578462232732;0,000237159592511848;0,000238887825219286;0,000241995721265801;0,000244258356477392;0,000246561706935691;0,000244590747796194;0,000243192439970461;0,000242963693197746;0,000243300081217792;0,000243110592587869;0,00024505289873114;0,000245883437170914;0,0002477915044518;0,000251274998470271;0,000254308122569404;0,000259132380762798;0,000263291901568062;0,00026458244873123;
0,000284682543125653;0,000269728266689798;0,000258079016141577;0,000247290918382912;0,000240367277252329;0,000236968111580367;0,000237693521662432;0,000239901831472998;0,000242319016841428;0,000244627995715805;0,00024594347343889;0,000245476581608511;0,000245049778016412;0,000245715713119982;0,000246548830617182;0,000246734371578507;0,000248197977561539;0,000248827058872517;0,000250231409578067;0,000254594358940953;0,000257988758520278;0,000262276498412246;0,000265533119214751;0,000266631542822441;
0,000279798874501953;0,00026927418190358;0,000260223986114825;0,000250691411015034;0,000243070552281432;0,000238902723574598;0,000239545457949609;0,000241106490728326;0,000242947114937625;0,00024565694883281;0,000247055536270841;0,000246317331521592;0,000245344419154484;0,000246374719334672;0,00024698400336141;0,000247834007451946;0,000249344136229774;0,000249681123352009;0,000251299106008286;0,000255300100117657;0,000259082446404877;0,000263308856068506;0,000266531793091033;0,000268881859969667;
0,000267828257053608;0,000264530388417461;0,000261037524920973;0,00025459042749071;0,000248249188316238;0,00024491038112525;0,000246019382445477;0,000246923301527333;0,000248405396705697;0,000250991247645111;0,000251953502754212;0,000249295636985073;0,000246080095135878;0,000246622477063784;0,000247653417079174;0,000247867541839797;0,000249115905959051;0,000250805337328682;0,00025368980883298;0,000258296653971544;0,000262009456443409;0,000266613665955067;0,000268527682848576;0,000266506046936159;
0,000260301996330105;0,000261421682641222;0,000262426556016636;0,000259934953934276;0,000255160307450518;0,00025267262098646;0,000251973965485329;0,000249534496427969;0,000249158588730405;0,00024991514805127;0,000249479107172251;0,000247614401093688;0,000245238980035239;0,000245987213802939;0,000247289548412403;0,000248385320531935;0,000250097788930115;0,0002517105916236;0,000255976322938116;0,000261247636260959;0,000265671098427948;0,000269508676272443;0,000270585868184127;0,000267945132457997;
0,000253207034222624;0,00025980610239396;0,000262796975021726;0,000263918507929447;0,000261164414774764;0,000259374041308854;0,000256120859475817;0,000251376508687293;0,000248914516105147;0,000248049167013768;0,000246656567747537;0,000247616827129961;0,000247025599412785;0,000248887423372183;0,000249733984046939;0,000250049535615663;0,000250503260609246;0,000252041133347719;0,000256428801743404;0,000260557554359928;0,000263942690512506;0,000266998001183087;0,000268399082278151;0,000267412390036883;
0,000234244646751746;0,000255482144505198;0,000269023193510171;0,000277333982023567;0,000277686996105754;0,000274053224387688;0,000267951447780464;0,000259281001824053;0,000251824232996013;0,000252309109912349;0,000248228572683592;0,000248076906416515;0,000247332139298511;0,000248954705919651;0,000250937763075087;0,000251855274157238;0,000251510316046656;0,000253447444302719;0,000257691304850151;0,00025976425302241;0,000262851547933866;0,000266420986763169;0,000267627176797537;0,000265236556294629;
0,000255873465766047;0,000259769148986192;0,000267084736365515;0,000271990585452854;0,000271629807589765;0,000270226700919408;0,00026579039726993;0,000259715161296625;0,000253625216607756;0,000252660608848008;0,000251385638904705;0,000249788576204525;0,000248433248891484;0,000248663799036879;0,000250368377355958;0,000253253312232422;0,000254741728711473;0,000255781100818718;0,000258290376860282;0,000258304627443236;0,000259792442681095;0,000261633673845401;0,00026306685368619;0,000264639864484868;
0,00025755669132561;0,000258643306725803;0,000264421749586646;0,000271943961750688;0,000274332732339541;0,000273075497881045;0,000268254388598062;0,000261239143235764;0,000254072739845136;0,000251908352589551;0,000252160205863684;0,000252684602726821;0,000252135872448327;0,000249932826839913;0,000248691421292106;0,000250269948597173;0,000251843980423934;0,000253510924870543;0,000256889006518917;0,000256128990351544;0,000256925966651286;0,00025767131562226;0,000258794038290062;0,000263025793096209;
0,000255843596829868;0,000259796210363764;0,000261382586460889;0,000267578525159996;0,000269440160742721;0,000267421170566773;0,000263553371448541;0,000260356776713371;0,000258049883449341;0,000256174882657829;0,000257604815344514;0,00025971103082269;0,000258020655965275;0,000253332598988854;0,000250612268981595;0,000250087002832702;0,000250554273758454;0,000252409633077282;0,00025755663080825;0,000258986771796325;0,000259169591410376;0,000258001315155501;0,000256531281927977;0,000250760598816709;
0,000255238201198636;0,000258527648149061;0,000256552737183244;0,000260563431937623;0,000262167513890263;0,000260476782420712;0,00025994141354523;0,000260891282341111;0,000259777945911513;0,000258461643792815;0,000258104980190417;0,00025943538152909;0,000258549371307498;0,000255525827339597;0,000255057768871042;0,000255692117842951;0,000256279240370274;0,000257221097725071;0,000258459693768367;0,000259290656702567;0,000259100364073486;0,000257760187485486;0,000257717064843491;0,00025331233580609;
0,000259346885654437;0,000259436359010123;0,000255694922807955;0,000257452095533831;0,00025876181253057;0,000258016904427522;0,000260382655528289;0,000263228544654324;0,000262221293358827;0,000259565100012764;0,000256655208251805;0,000256417102952381;0,000256695211964172;0,000256426236331163;0,000257719647305854;0,000259966337097849;0,000261998852073078;0,000260898245284817;0,00025849010095323;0,000258439560052205;0,000257839310078652;0,000256045459486147;0,000256175238749665;0,000254100720258711;
0,0002582978320114;0,000256307333710358;0,00025296455396548;0,000252521812355248;0,000253120470200538;0,000253625908544788;0,000257986825526773;0,000262882343012829;0,000264104095569171;0,000262714687894939;0,00026110503073946;0,00025987731705522;0,000260391424213341;0,00026182755748301;0,000262450746755726;0,000263035558617795;0,000263867669178615;0,000262198982243819;0,0002580927376892;0,00025724444124246;0,000257246315851809;0,000257220211816749;0,000257641994366417;0,000257919463275894;
0,000253970610249903;0,000255500196825763;0,000255750518323375;0,000253520029870648;0,000252108388728791;0,00025058728364754;0,000252139839601458;0,000255824637408555;0,000258879410595367;0,000259805061906091;0,000258784920315785;0,000255385135851319;0,000254706760845994;0,000254518020660781;0,000255744688431845;0,000258447120332336;0,000261608682705082;0,000261771968765443;0,000257567747690334;0,000256313110421173;0,000256788797295934;0,000256625029396665;0,000258432728624611;0,000262498115363024;
0,000260421561171965;0,00026055982082456;0,000258865588607469;0,000253830561852012;0,000253439671221649;0,000252497088684698;0,000252441589030069;0,000254535250754035;0,000257309817623157;0,000257199083433891;0,000255532621126241;0,000254086852689462;0,000255880008133868;0,000256225009959458;0,000257437834332324;0,000258045705568285;0,00025925489045954;0,000259729509308269;0,000256100143066696;0,000257744760213586;0,000258323070798956;0,000258930278142762;0,00026144479101786;0,000262560005163516;
0,000261059038069893;0,000264172924165287;0,000267140106175706;0,000263305370893829;0,000262985003556063;0,000261863321816924;0,00025871654029258;0,000254637401499947;0,000251839388241023;0,000253475191289451;0,000251696944763029;0,000252457416534739;0,000259705708994119;0,000262430281577564;0,000263620227128939;0,000261163285751699;0,000257625994922225;0,000256303127881054;0,000255068438155305;0,000258484188839829;0,000263601596675536;0,000265626746802192;0,000269361991566389;0,000267394021808695;
0,000266793826711146;0,000260942309914499;0,000258700975614797;0,000255204600154472;0,000255676284278713;0,000257765328713123;0,000256835300282355;0,000254684660658866;0,000254584983603064;0,000255868709755101;0,000256256467434999;0,000257341251787774;0,000262318400088804;0,000263960608123966;0,000264785515790534;0,000262905655438809;0,000260119368123546;0,000259038304837294;0,000258127309413001;0,000259637833744245;0,000262593807154511;0,000264501076144567;0,000269859931832743;0,000271136690229924;
0,000267283720409776;0,000259909018386232;0,000255414055490833;0,000254714565129091;0,00025681750896745;0,000261747081805294;0,000261079348378641;0,00025635993765912;0,000252861293846349;0,000251851867664595;0,000252931288529468;0,000256843590815768;0,000262322699785533;0,000266033015846701;0,000265502012059886;0,000262631181750872;0,000258889962553816;0,000260321559172541;0,000263239514598832;0,000265309888137871;0,00026754408123897;0,000268696964204955;0,000271838603406344;0,000272830307811979;
0,000265505532989472;0,000264839351412137;0,000258048604467864;0,000255895359583912;0,000256986526991987;0,000260005933956462;0,000259758001017253;0,000257870671291687;0,000256461524260944;0,000255649834287065;0,00025669557324716;0,000260432259366695;0,000262496050922621;0,000263605133270402;0,000262014812933516;0,000258865014941591;0,000254306938160031;0,00025778758612389;0,00026568489273016;0,000270087540667678;0,00027223955612523;0,000273470845215274;0,000274857122644551;0,000271093208508638;
0,000264199383597342;0,000264869089754133;0,000259829959997119;0,000259406288196328;0,000260310734735929;0,000261653351840738;0,000260008926391396;0,00025931019067884;0,000257726788792121;0,000257220217762693;0,000259627224791457;0,000262447723764357;0,00026258487366147;0,000262223306964632;0,000260029367750448;0,000258332696592807;0,000255127794466336;0,000259735491410969;0,000268897534847026;0,000273185109257699;0,000275358150179566;0,00027742039129577;0,000277840751461662;0,000272085475280747;
0,000267452868734807;0,000266276585016479;0,000261956380113843;0,000263749830596335;0,000266193324238651;0,00026732498710296;0,000266082607055184;0,000264539585754874;0,000261351315498486;0,00025721110841326;0,000257743796258753;0,000261379900171006;0,000263043026559202;0,000263230771384413;0,000261907432510877;0,000261691012551618;0,000260556650529744;0,000263201695450785;0,000269973467364345;0,000273393538754157;0,000274142463536881;0,000273766033067838;0,000271735760183408;0,000266011552119175;
0,000268640493249816;0,000266732741294581;0,000263466595141233;0,000264008782418095;0,000265826868711627;0,000267099305690254;0,000266166379964712;0,000264367232914571;0,000263345499434721;0,00026080181648151;0,000260933289173615;0,00026388915497498;0,000266416894352369;0,000269328815400419;0,000267893834252474;0,000267079585952739;0,000267136630303881;0,000267200975026554;0,000269082873511356;0,000269499083897707;0,000268739873419807;0,000269101551141736;0,000266232507808975;0,000263874488814576;
0,000262716325733297;0,000264941276464124;0,000265276540813265;0,000265175266207355;0,000263860741247685;0,000261940382615541;0,000259114798267873;0,000257714885868278;0,000259674314940184;0,000260797572916163;0,000261267518603859;0,000261406608510712;0,000260375392168653;0,000260602833667965;0,000259092436306218;0,000259886574896652;0,000262936315510646;0,000262881300013749;0,000262782137594492;0,000261556038590161;0,000261018028261628;0,000262434197068546;0,000261666686661478;0,00026612546425445;
0,00026059714490413;0,000265616068196296;0,000268385814885583;0,000267614138017157;0,000266128158346925;0,000262582022276631;0,000260883644516417;0,000259546931651197;0,000261401363946022;0,000260757683701383;0,000259024693775771;0,000257662508029549;0,000254476298706578;0,000254311808210223;0,000255481606956174;0,000257977711113717;0,000263142197145915;0,000261500731361646;0,000257953375976176;0,000255692621805622;0,000253244029046646;0,00025620586273963;0,000260278977381849;0,000275677307369736;
0,000262587229746641;0,000264652531481337;0,000268721277133186;0,000268064520110529;0,00026692573670446;0,000264147845278025;0,000263544048532655;0,000261005692367927;0,000260168625796286;0,000258896024641383;0,000256172666951691;0,00025409900841431;0,000252926682981707;0,000253529075096036;0,000255152309906428;0,000256929847808514;0,000260731118702537;0,000259021504630569;0,000252848093796573;0,000250532496675246;0,000249186831022359;0,000251026705290618;0,000255552663091031;0,000271180796903636;
0,000269340663945961;0,000262699646359451;0,000264079455960109;0,000263586161824006;0,000262926823121799;0,000262538825081682;0,000265657616588604;0,000265515694901443;0,00026688774862811;0,000266185300067933;0,000264050186412583;0,000260159263722209;0,000256505345430469;0,000254486578017761;0,000255997809590027;0,000256448984975702;0,000260035447042165;0,000258484989723101;0,00025123614234587;0,000248271027827789;0,000246247513903724;0,00024700051529769;0,000251031830653548;0,000263354152663273;
0,000258251969210552;0,000260973314602609;0,000265079258116571;0,00026737585614422;0,000267052366996065;0,000266683823172277;0,0002675777620985;0,000265991655250266;0,000265630733566097;0,000265269158801497;0,000264659879354281;0,000263842169325209;0,000262183652925668;0,000261941988604377;0,00026265590674076;0,000260823221152845;0,000261633320040771;0,000260088554824843;0,000252857570322477;0,000248967067257445;0,000246721308911204;0,00024663871431682;0,000251336508189395;0,000264663688415513;
0,000250866316365179;0,00026078183333147;0,000264998755818818;0,000266412064765396;0,000265689196862162;0,000264963547101918;0,00026738677781012;0,00026921110595323;0,000270760442822553;0,000272313384226705;0,000269899556909699;0,000266322430969264;0,000261671749719798;0,000260305714099402;0,000261924041739026;0,00026059357842204;0,000261030269296128;0,000261609965632808;0,00025569130054428;0,000252589083770459;0,00025011615009838;0,000249648930236776;0,000251601784084721;0,000258759538474881;
0,000255099428049138;0,000257843540912222;0,00026068251748585;0,000262121636909427;0,000263010959487436;0,000266020693402235;0,000270454373456846;0,000271804594999288;0,000271746700011762;0,000270861325374669;0,000267166621152567;0,000263204270380033;0,000260283231311027;0,00026112167892071;0,000263182277319399;0,000261749918354253;0,000262787206792461;0,000263041106921398;0,000257265037849399;0,000254455181315871;0,000252823766963459;0,000252242962841591;0,000253903291898051;0,000262242752702791;
0,000255659728189239;0,000254633192099574;0,00025748968262724;0,000259203133750218;0,000261390265377741;0,000266045445037029;0,000269029140306859;0,000266597867540298;0,000264021566606576;0,000261635033483523;0,000259269283034669;0,000257552665746825;0,000258801010224146;0,000261538661814552;0,00026053333691886;0,000256792242205057;0,000256324962872787;0,000256534231067345;0,000254492150303741;0,000253866076765321;0,000254880474084898;0,000254076778082221;0,000251078360329062;0,000255021197408801;
0,00025657921154154;0,000257151645781482;0,00026124478914242;0,000262985401743801;0,000264162258319109;0,000267446187918361;0,000265609751966468;0,000259751317658055;0,000257266443411901;0,000257392326832739;0,000258836130446103;0,000260468935964158;0,000264995507006626;0,00026934090949615;0,000267544316294006;0,000259709265661801;0,000255265990693998;0,000254004322494216;0,000254361741011942;0,000254494525339279;0,000256520043631356;0,00025734309967421;0,000252186430509634;0,000243834108180834;
0,000258693885146512;0,000259260325466374;0,000259913342198947;0,000260357039153655;0,000260947437056187;0,000263064947804573;0,00026088592287068;0,000258133468587049;0,000258085481466794;0,000257426216876014;0,000260218812891934;0,000264039244456649;0,000269455789648391;0,000273123643741825;0,000271123401837713;0,000263676480029205;0,000256490542582705;0,000252189411568836;0,000255466988172422;0,000257777811140447;0,000260386567723271;0,000261368671578531;0,000254606785952797;0,000235529527520992;
0,000261249526240369;0,000261964271871564;0,000257191188129712;0,000255199186782567;0,000254519606887441;0,000255351917804673;0,000254898855458171;0,000255113436999975;0,000256948068210469;0,000253974413463832;0,000255826666763517;0,000260584287349726;0,000265945259284673;0,000269978530146253;0,000270659645273232;0,000266079409179692;0,000259860928825552;0,000253414187760907;0,000256941647400706;0,000258851599458308;0,000261132772391574;0,000262438327258472;0,000259382380668947;0,000247133491826735;
0,000267428483929925;0,000262513507502338;0,000250989208663916;0,000246543603844085;0,000246032528371655;0,000247884023943584;0,000250051509399641;0,000254978141863379;0,000258177180644734;0,000252668209678883;0,000250512465329664;0,000254279090100168;0,000258640516603862;0,000263931886029172;0,000267378826495985;0,00026873953655197;0,000263774581576391;0,000258397984612243;0,000261046350604794;0,000262097772326952;0,000261557909933899;0,000260806426167228;0,000254995662949506;0,000240212836188897;
0,000270925650815364;0,000258181544300115;0,000245409499825444;0,000240775035526337;0,00024091274902457;0,000243642246290357;0,000249138674070531;0,000257025163199544;0,000258910046759591;0,000248037494370287;0,000248000652352208;0,00024998967822451;0,000253416246392185;0,00026015500243618;0,000267389088841676;0,000270775892640293;0,000265785387826515;0,000261134236089202;0,000263776815157486;0,000262052991981421;0,00025979614035873;0,000259900556799281;0,000256062037223957;0,000244059613693669;
0,000260737225969145;0,00025512796887475;0,000247784911829421;0,000247618030645279;0,000247719217287283;0,000246925266146316;0,000249929211671781;0,00025701727291543;0,000259391695236216;0,00025184075752772;0,000253868784210667;0,000258095865337195;0,000258138695018414;0,000257779537704266;0,000262817064776165;0,000266980474237204;0,000264800911811747;0,000261780179405477;0,00026631593125449;0,000266511195582936;0,000263339337140536;0,000260574856886176;0,000259119416813088;0,000248483870855407;
0,000251104056775415;0,000253877282197538;0,00025294845101976;0,000257755052468402;0,000258688907667132;0,000254970561835402;0,000254358113414998;0,000261033898426825;0,000264293045579731;0,000261683437630738;0,000263926144580083;0,000268040055464655;0,00026180007098839;0,000252741193518361;0,000254060768934115;0,000259188746811677;0,000257532900962344;0,000258137018523409;0,000265171945106708;0,000266710583300212;0,000263018186601931;0,000260774923419704;0,000262057128286236;0,00025470746852164;
0,000248326367008636;0,00025379711895636;0,0002562549804762;0,000261680800936455;0,000263660816243222;0,000260943379059219;0,000259101752005804;0,000263506248438103;0,000266246007209346;0,000264867156639304;0,000264732983443464;0,000266734640563836;0,000261057937376993;0,000252089172120127;0,000253428695796339;0,000260492309281192;0,000262257805430677;0,000263467652476747;0,000266341159908257;0,000264670124996605;0,000260147371540588;0,000256460499161227;0,000260887233495363;0,00026615012118042;
0,000248997031152492;0,000252209869180617;0,000255199866675285;0,00025646101527981;0,00025750617921215;0,000256557884002372;0,00025271935738307;0,0002552996182663;0,000259851271027918;0,000263672423524138;0,000264501127569333;0,000263551233024733;0,000257559489897264;0,000247592887974559;0,000243239227150893;0,000249773104438313;0,000256319143967496;0,00026193501964788;0,000266449771353074;0,000265279735687795;0,000261975491559607;0,000256388552878994;0,000257277484989623;0,000267063323438056;
0,000253253634613809;0,000249597146928742;0,000253434022297866;0,000257916404155318;0,000260223716280682;0,000260529780630715;0,000255843032744119;0,000256349380481403;0,000254161131753313;0,000259912570591099;0,000262794389569829;0,000263883034337613;0,000259159240462135;0,000250893787584707;0,000242760536908;0,000241774067628789;0,000245232531303085;0,000252219939924359;0,000257866761747748;0,000257148375053842;0,000257562018965343;0,000258414542264432;0,000260824545606672;0,000276914589797241;
0,000257648036645073;0,000256556440911339;0,000261243799711158;0,000262762217413286;0,000263539858198002;0,00026173166830947;0,00025754475664173;0,000257232626773479;0,000253760595648185;0,000261195963750428;0,000263029171322405;0,000263130613724763;0,000260080848030698;0,000254248893683434;0,000247546986790429;0,000246270059509507;0,000248321865236213;0,000251733108630756;0,000252665905248277;0,000252254746920757;0,000253073041026974;0,000255979011875108;0,000261544878655567;0,000278737217560816;
0,000250563212708716;0,000262637337534681;0,000274028035365633;0,000276157421826096;0,000272611125292358;0,000265164789658871;0,000259368857746327;0,0002556549078301;0,000253633225843055;0,000263416026687732;0,000266519151505047;0,000266187906735507;0,000261977437972794;0,000254856152568648;0,000248986953857875;0,000247136040233557;0,000249123379788992;0,000250226102069132;0,000247612562660145;0,000247616491277931;0,0002498263742185;0,000252835815811385;0,000261628144565687;0,000281787235217291;
0,000252585627699502;0,000267624779506229;0,000273128926794377;0,000271739225866831;0,000264664504050688;0,00025479864460639;0,000250672659591244;0,000250056985722224;0,000254264343621355;0,000267028574677362;0,000267559069513655;0,000267745552002097;0,000263789987693411;0,000257760031301621;0,000253340115747426;0,000252753298486036;0,000254484650974563;0,000253613928530594;0,000247672630080731;0,000246392583257802;0,000248609571799029;0,000250827108278991;0,000257552863410091;0,000276540176257036;
0,000258716098213832;0,000267740477814166;0,000267964999176314;0,000263673527823984;0,000258025359077474;0,000251640636840817;0,000249557991379497;0,000249273795117603;0,000252943318976492;0,000259340373504618;0,000261336038985862;0,000262791271789745;0,000264613812176354;0,000265126633732556;0,00026382041242158;0,000264077461351012;0,000262914677280954;0,000256636091873357;0,000247215913710362;0,000243759080401875;0,00024432461387226;0,00024629545456745;0,000255928438770882;0,000273881461760575;
0,000263308100690995;0,00026848433340486;0,000265752384859278;0,000258633471049673;0,000253770047236199;0,000251135993453691;0,000251448731738373;0,000251154244700611;0,000256611882133894;0,000260629933787819;0,000262537024747343;0,000262179429336593;0,0002645712047561;0,000265305156938881;0,000263247571815716;0,000261472734978816;0,000263168797058985;0,000260471415890464;0,000257491257426481;0,000258798083263384;0,000261139169114409;0,000259388261098714;0,00026073325416889;0,000264661766197871;
0,000266357030228146;0,000268661562729776;0,000264145084463246;0,000258742844479896;0,000257260517401533;0,000258413748465667;0,000260864481204826;0,000259624111313616;0,000264350313545684;0,000264852431607864;0,000264215610358509;0,000262150679682718;0,000263162877024243;0,000264045846532092;0,000262405484797348;0,000259830516806158;0,000259759685387727;0,000258523702543025;0,000260021565330208;0,000262315209766841;0,000266416988210572;0,000268869140284231;0,000272097080943512;0,000276633399524689;
0,000264791337468798;0,000266489100663514;0,000263810008866936;0,000261622177352668;0,000263197707883439;0,000266394471537888;0,000268581364350525;0,000266604663929736;0,000270200183855035;0,000268831401391474;0,000265789274470329;0,00026199512550435;0,000263215834817316;0,000264460718621431;0,00026479943387992;0,000266472819137932;0,00026711722927792;0,000267006456799371;0,000270117124041547;0,000271507377191094;0,000274221811139485;0,000274448243590322;0,000273488869284553;0,000267440386354288;
0,000249275243778997;0,000257238737889835;0,000258921548762648;0,000259232585915277;0,00026417583764557;0,000268514330772533;0,000270319711631965;0,000269486638705974;0,000275898756833523;0,000276981959196378;0,000275143235445693;0,000269040490671941;0,000267993211871811;0,000265221352655053;0,000261043627910783;0,000263889528172062;0,000269422668653277;0,000277639494105548;0,000283768895036768;0,000283892447241083;0,000283862611287262;0,000277564680076247;0,000267186308068049;0,000254917991268491;
0,000248569943382878;0,000243634851232919;0,00024497654847398;0,000252570802274572;0,000263563640336924;0,00027353117378747;0,000278705890494948;0,000279181978878758;0,000275358688672242;0,000270465335829589;0,000268530217665229;0,000264322976218275;0,000264772690918158;0,000264345247888187;0,000259166636997166;0,000259166511656751;0,000262220618341809;0,000271607733334941;0,000277263801588433;0,000276791679515083;0,00027695623044769;0,000272673991556407;0,000261607782638726;0,000254016851614535;
0,000257287336274478;0,000248371608649228;0,00024686910741398;0,000252305706294899;0,000261337354120158;0,000269521778302566;0,000275119833319286;0,000276031520288652;0,000267087822555883;0,000259617715222115;0,000256795649043504;0,000252681693305665;0,000254305420904386;0,000258576519796269;0,000259534120222236;0,000259995831197885;0,000262021221421489;0,000269714983907697;0,000271466340725482;0,000269923885747712;0,00026845818449858;0,000266479341571791;0,000258613178462751;0,000252203355036496;
0,000258343579419948;0,000250907380120013;0,000253219101408966;0,000260463691342747;0,000265764464048408;0,000268939690845006;0,0002727284520616;0,000275222335486762;0,0002657596088332;0,000256930846006956;0,000254815510766524;0,000251369648424915;0,000249615213679526;0,000252751341369222;0,000255236487523538;0,000257173574015087;0,000257666028636434;0,000260852092429056;0,000258350780414267;0,000258360692618578;0,000256841400758791;0,000258928741175441;0,000256423237291738;0,00024937147843969;
0,000259350605973091;0,000254536456779963;0,000258448175853115;0,000264468231213877;0,000264684278885691;0,000264585636110382;0,00026475158379481;0,000264164607544599;0,000256411472771953;0,000250933842874359;0,000251437937989283;0,000250570187670076;0,000247271990996736;0,000249853340683137;0,00025450373477283;0,000255731646328444;0,000254095672203882;0,000255441646162601;0,000251987595857843;0,000251004426169244;0,000248471020494248;0,000251763822522091;0,000256165204034995;0,000252540214465331;
0,000271122119593729;0,000258720426162157;0,000257500592298123;0,000261357551463958;0,000261511379035521;0,000262378288600215;0,00025941185592135;0,000257005596442732;0,000248474647174754;0,000245844958517746;0,000247283730802259;0,000249261075301651;0,000251896650381042;0,000256561561275707;0,000261367873620113;0,000263573131502137;0,000260652074215031;0,000259034411557502;0,000251547142974458;0,000246977699840945;0,000243184647690805;0,00024376136912303;0,000251392309781641;0,000248564789306292;
0,000276896666024734;0,000264133365539071;0,000259603371369027;0,000256939702362328;0,000255543475090811;0,000256296584086563;0,000253031278473058;0,000252821481956088;0,000249671661929055;0,000249242189183741;0,000252944361405731;0,000255140603038132;0,000259640780763276;0,000262866760950942;0,00026555685974813;0,000264871576965708;0,000262092255115476;0,00026069670504303;0,000258910290757365;0,000258338084625544;0,000256428053257477;0,000253976851494222;0,000253186124690434;0,000237505411854467;
0,000286169342217879;0,00027244159348811;0,00026261362618092;0,000252445817249794;0,000249059799762116;0,000249686593492189;0,000249061937439302;0,00025059021681773;0,000249486143407271;0,000248162578199105;0,000249961764170824;0,000251198169419087;0,000258835864901566;0,000267846949981439;0,000271838757924836;0,000265419299631077;0,000258222376502604;0,000253485174803604;0,000253572797492081;0,000258067456852392;0,000261271320309803;0,000265978086205717;0,000260035861614248;0,000234475588189769;
0,000292383752739596;0,000275643469026873;0,000261817632775958;0,000246856442025561;0,000239276035564389;0,000238228719256385;0,000240960403008706;0,000245857783312676;0,000249172058861381;0,000250595838084112;0,00025148709893203;0,000251767346448099;0,000255956537701345;0,000264608990283924;0,000271333375760878;0,000266405209871367;0,000259395997047325;0,000253669019323223;0,000254245627547418;0,000259210833209725;0,000261695125505197;0,000267236008715088;0,000260493354057802;0,000234485821838759;
0,0002636990538225;0,000269284637503658;0,000256121420050975;0,000240784332014361;0,000233023309395481;0,00022797170396979;0,000232056594910009;0,000241525580633428;0,000257072701066771;0,000264332104240448;0,000263052666337144;0,000259748922832487;0,000258393632750707;0,000261582364865631;0,000266222082169414;0,000264455642524191;0,000262638973372443;0,000261328564366775;0,000257810151271163;0,000258493978393055;0,00025727114095168;0,000259093220517371;0,000252211447314877;0,000233214547408727;
0,000247473923577235;0,00025872801726536;0,000257609239787943;0,000251994800271426;0,000248286842079637;0,000244449893093189;0,000244568350609786;0,000247075516773611;0,000256655162157701;0,000262018078940878;0,000260999890221454;0,000260610037441311;0,000264139635818549;0,000263832635667291;0,000263212293989146;0,000260936478060409;0,000259058344479146;0,000256555953750092;0,000251253058420312;0,000252918227648695;0,000255718450928993;0,000252889694381994;0,000247241718459572;0,000236521026228587;
0,000247541754679712;0,000260355603984958;0,000261635912823451;0,000259851840001265;0,000256322719761716;0,000253242304535989;0,000253630053446584;0,00025414867642259;0,000259238216148395;0,00026063541054322;0,000258376467671469;0,000259009229118911;0,000261532468888746;0,000261259714477478;0,000261445570659205;0,000261991512862386;0,000262990302913917;0,000261368923996871;0,000257843801016277;0,000258559721945512;0,000260751067433808;0,000255180543007488;0,000251047446532616;0,00025169804420794;
0,000241604068768899;0,000255760748337061;0,000257404147804809;0,00025797590774884;0,000256836877033887;0,000254303027927486;0,000258081936969616;0,000262909113540127;0,000268933643206077;0,000269919235601251;0,000264663815536114;0,000264066265993401;0,000262132603207379;0,00025818330396638;0,000256249772306146;0,000259219652543748;0,000262895122422159;0,000260737411316832;0,000258233467257943;0,000260110228200029;0,000261120762199289;0,000255774308318091;0,000252313844447184;0,000256415975236869;
0,000230959582008217;0,000251958752450258;0,000260723619867926;0,00026404196344607;0,000263482093066465;0,000261708982717021;0,000264981173942997;0,000265642534715046;0,000266719618646989;0,000265856025442057;0,000262111116376247;0,000261250582127889;0,000255841622562947;0,000250227387407118;0,000250461654745597;0,000254668242094667;0,000257830511570301;0,000258058257530761;0,000260392446027286;0,000260603123490967;0,000259406774361885;0,00025339748052839;0,00025832024192031;0,000274940945704577;
0,000236016082542683;0,000250073268093572;0,000259499690278315;0,000268901904586158;0,000272096554571193;0,000270473089102417;0,000269627283831813;0,000267007258979237;0,000260849733801095;0,000257807327419601;0,000255565755019731;0,000257299179071683;0,000255012525044461;0,000249906509067268;0,000251641727405859;0,000258829958306883;0,000264171984083171;0,000266842064541508;0,000268799256675723;0,000262980873408404;0,000260526299859389;0,000255193093924316;0,000266732214151298;0,000299344393084583;
0,000238453305105696;0,000250159688039342;0,000257875922963893;0,000267212164446573;0,000273536859225849;0,000273658000314175;0,000271407442021872;0,00027138454908534;0,000267178733306818;0,000262631407663081;0,000261370571712758;0,000265024549662032;0,00026531554027608;0,000258749259212269;0,000257560334833035;0,000265294423828358;0,000270619511228357;0,000272279786574117;0,000277140589796608;0,000274479072416359;0,000272742790622637;0,000265910767977732;0,000271755978278863;0,000295326699839338;
0,000250403459107037;0,000258840658600249;0,000265740864372195;0,00027192824680581;0,000277965855544529;0,000278412091944208;0,000274907332420732;0,000274486782690534;0,000270532087586305;0,000266029425359626;0,00026566137131759;0,000268048168145195;0,000264934778828272;0,000259204082405962;0,000256171798598224;0,000258932473991149;0,000263609748322165;0,000268709174155448;0,000280369196214566;0,000283548733268665;0,000282478587741452;0,000281439076021411;0,000279790224376978;0,000288281475309427;
0,000263884257680009;0,000263273454904495;0,000269765249712315;0,000270599893429271;0,000271673661982383;0,000272476733058134;0,000270273952379837;0,000268854104258061;0,000265195410900108;0,000262818365976712;0,000265474696845974;0,000265152101173121;0,000258479023395255;0,000257342252636167;0,000257017453652494;0,000254981456229174;0,000257002040862009;0,000261000223809079;0,000273882374973124;0,000277766950291869;0,000276743762564253;0,000282871269465655;0,000278900645605573;0,000281057718582366;
0,000266373503823333;0,000264364630156439;0,000263541534637515;0,000258518925433059;0,000256501719896177;0,000256529555227276;0,000255926296880016;0,000258673976890591;0,000263145799634954;0,000264343925656021;0,00026740722694184;0,000263757595735078;0,00025439540664533;0,000252489136911612;0,000254223054987597;0,000253245257441699;0,000254092028391952;0,000257959722354408;0,000265705702529962;0,000268605266975285;0,00026517094489537;0,000271057043659322;0,00026796202512414;0,000259630750628132;
0,000270824425552849;0,000268291460430721;0,000272079363803669;0,000269239231482661;0,000265666754753765;0,000263796994927202;0,000258317073814109;0,000257048197806405;0,00026012277378192;0,000264577810865061;0,000268741657537045;0,000264015257903355;0,000257486130831952;0,000254050274369467;0,000252283150159586;0,000249153342088059;0,00024886287394545;0,000250909345848384;0,000252893768963619;0,000255879647249929;0,000257485702491935;0,000265318148325813;0,000267861207895913;0,000261441165309458;
0,000275487104113587;0,000268869441522405;0,00027191956539647;0,000269429432211036;0,000265600171933882;0,000267102680855019;0,00026254606644866;0,000262260640446698;0,000263355353548686;0,00026610502806144;0,000267966304457296;0,000260455688521242;0,000253268223636636;0,000253818459762397;0,000252041900866894;0,000249802894329481;0,000246808533578862;0,000245786411674467;0,000245265149666261;0,000248183172066963;0,000251112608320967;0,000262951376162381;0,000266976343605122;0,000257727436710648;
0,000264605301169711;0,00025669072599862;0,000259007977216696;0,000257420055097972;0,000258127913724767;0,000266041228992996;0,00026466913042538;0,000264605422870362;0,000268621460546115;0,000273960467757002;0,000274901096560544;0,000267835022714089;0,000262048547198293;0,000260990657589517;0,000254632355468013;0,000249445513044501;0,00024719323178643;0,000248473036818046;0,00024914234708811;0,000251192371676105;0,000250954676187323;0,000253630137342147;0,000245718797769887;0,000225793952769797;
0,000257156882871946;0,000255909019040778;0,000256898468962952;0,000253458641812964;0,000254441029448454;0,000260279460638511;0,000264083981061134;0,000266262877481344;0,000270011465511308;0,000277640611327016;0,000277244093215511;0,000269609900402057;0,00026580888539379;0,00026607430960405;0,000262137754115452;0,000256712010293062;0,000253682771767521;0,000256900954412617;0,000255941464388426;0,000252866289980965;0,000251063078345493;0,000250051642261571;0,000241501871336838;0,000227660311585993;
0,000263946446043796;0,000260223732902796;0,000257585763275578;0,000256985730700809;0,000258376233384861;0,000258651914610447;0,000260258243617323;0,000260159831495418;0,000259263910528419;0,000264774250670237;0,000265700218417549;0,000264933574057287;0,000268553282688006;0,000270319550751191;0,000268398881592392;0,00026689905798339;0,000263537683344633;0,000262712768256021;0,000257893516242529;0,000251156892909642;0,000249628651978141;0,000247923027691175;0,000246304154654122;0,000244243280896443;
0,000259148254404703;0,000259721492481133;0,000257527072157741;0,000257254898898873;0,000257463576328147;0,000253573774248109;0,000251008764806069;0,0002515179743873;0,000251719248899761;0,0002560078634616;0,000255668942986069;0,000258534008039596;0,000267452283780714;0,000270195582711185;0,000268707354699738;0,000272955537656609;0,000273115574158866;0,000270037325628095;0,000260705848299551;0,000251267360577719;0,000249307366761744;0,000242944522561674;0,000239274284152273;0,000245506485760336;
0,000262366691604519;0,000267214680214805;0,000265313840844007;0,000266451447056802;0,000266323381367913;0,000261290487621654;0,000257945739139697;0,000258384788711237;0,000258197284393203;0,000259487794764779;0,000256924013176794;0,000258220652065605;0,000261898696765327;0,00026102952661097;0,000255854567396419;0,000260362652633386;0,000264325723130416;0,000266210826085355;0,000263799181833839;0,00025561108273088;0,000254370593258625;0,000247940825870392;0,000242774927985586;0,000255264744501303;
0,000265123917759495;0,000269376286388792;0,000266437811038767;0,000266000704892099;0,000263360321289533;0,000258506105648007;0,000258545695315774;0,000259553990557364;0,000260767366916687;0,00025919207422291;0,000257597638525438;0,000257940054061691;0,000258852343991937;0,00025952432293941;0,000255834969476775;0,000258909542234965;0,000264270004808032;0,000265451435151457;0,000268742613612164;0,00026490545457834;0,000266089597311525;0,000262597667819131;0,000256257368013881;0,000263700959466095;
0,000277363534577997;0,000265393123120714;0,00025662407812932;0,000255728662584277;0,000254568782221434;0,000254394147270453;0,000259739925628242;0,000261187756720451;0,000259749763073292;0,000253150763144207;0,000248054844635036;0,000249350791135799;0,000253722805187934;0,000255894644136948;0,000256890858589234;0,000262052306603738;0,000266435044292323;0,000266995443729235;0,00027007847277014;0,000272229162266991;0,000276334512487516;0,000271142746850482;0,000265118732473354;0,000262640343150936;
0,000274446593619823;0,000265481346532313;0,000260335285466636;0,0002608790554294;0,000261112227197189;0,000258904269990685;0,000262064663994141;0,000258713355379955;0,000255637476328839;0,000250864411954895;0,000247025208192379;0,000250716429818123;0,000259567948504864;0,000260668113426198;0,000259952073879988;0,0002615443774754;0,000263566102797219;0,00026163554744576;0,000262640353998357;0,000269946001166178;0,000278944197222345;0,000277527607704999;0,000276955421344921;0,000272342917546227;
0,000255813232146703;0,000255042725128793;0,000255163124884158;0,000257736357001711;0,000258671779194174;0,000259579595199431;0,000266273498031174;0,00026540473293066;0,000262769237040227;0,000257378523235956;0,000251005046468968;0,000250663262143417;0,000256070654853896;0,000260683849610137;0,000264443525327927;0,000265773401019093;0,000264509442027189;0,000257545909387181;0,000254749001228904;0,000261623050231721;0,000270433981564983;0,000274994820643377;0,000279689551412709;0,000275276313785839;
0,000231244870554819;0,000236066999959866;0,000246032313391697;0,000253492605703102;0,000257123387263069;0,000264239071600775;0,00027067560997067;0,000266231098939417;0,000260715530095117;0,000255708765248585;0,000252810499815172;0,00025432108087107;0,000259713448480928;0,000266668975171004;0,000271503518429216;0,000268592856906441;0,000263779838227621;0,000258090035644353;0,000253656176811883;0,00025902509578611;0,000264754981546203;0,000267341906932794;0,000271342583104085;0,000270830534112261;
0,000236754167947575;0,000238418891601755;0,00024344249764889;0,000246621869345507;0,000250501543496105;0,000257977395468188;0,000266470825623888;0,000263277536792757;0,00025753800319873;0,000255949483098819;0,000256234352545438;0,000259472707020884;0,000266317638119422;0,00027568569428322;0,000281984925440325;0,000276645334322596;0,00026918395067242;0,000264145697567927;0,000257788211972029;0,000261649112450925;0,000263207233159336;0,000265033097341117;0,000268131594407457;0,000263864532732222;
0,000252869325630747;0,000245512969658543;0,000243838251682226;0,000246925981234238;0,00025172111987815;0,000259541471003059;0,000266253041143336;0,000261965328059696;0,000254340123354895;0,000250955519448205;0,000252575786159612;0,000260655718106867;0,000270027072624849;0,000279122814636905;0,000288008674574838;0,000286305605342567;0,00027876702512787;0,000272008256265597;0,000262800796555296;0,000262170048385991;0,000256707022406774;0,000251887103011697;0,000257606579223177;0,00025386949685006;
0,000265097322556974;0,000253172768522325;0,000252674509867476;0,000253052769349657;0,000255024148662073;0,000258444007681812;0,000259263110444231;0,000254953848566242;0,000250639016824226;0,000252762010273045;0,000257215820882842;0,000265129549520239;0,000271587569723745;0,000275371523597866;0,000282393649144398;0,000282171254556125;0,000277892823667462;0,000272531508798965;0,000262598319388774;0,000258030174643187;0,00024938484310776;0,000243633239305514;0,000250364337736414;0,000253857704148419;
0,000270752726865597;0,000264662021739505;0,000266286765822815;0,000264905354569012;0,000265820714104392;0,000268070396164594;0,000263280156923559;0,000257864677544993;0,000254397939571324;0,000256306125133447;0,000260923217651672;0,000264936529890753;0,000265957400938336;0,000267885219458197;0,000268166099583853;0,000266251577032949;0,000263992602125624;0,000263626693253057;0,000259844052696376;0,000253235688256947;0,000243884042519509;0,000240722633816467;0,000242888667077214;0,000251735957654605;
0,000276001968992245;0,000275815834306007;0,000274217117226097;0,0002694803062166;0,000268073225871086;0,000267043340103769;0,000258706919362305;0,000256418754698631;0,000257189716111744;0,000261813621046093;0,000268201789347122;0,000269184712323038;0,000263573693023666;0,000260347365598441;0,000254207780148048;0,000250318240017516;0,00025165963912043;0,000255427554509341;0,00025899774976876;0,000254094093058951;0,000247102751988086;0,000249550377502894;0,00025475461236755;0,000270925953838344;
0,00028784013576438;0,000281798075165416;0,000272144660359377;0,000263898783918989;0,00025990942135997;0,000260066776716971;0,000256932074773538;0,000262952167511516;0,000268888470059769;0,000271186503373095;0,000269041552739714;0,000261662924523115;0,000250586436749098;0,000247033327850906;0,000246292366360632;0,000248641184508922;0,000256145831448895;0,000262118567372678;0,000262270723171962;0,000256564853457114;0,000251305196569553;0,000255222231203481;0,000262900374755296;0,000282925987126329;
0,000275285885423569;0,00027897891858651;0,000274607545960834;0,000269025877372676;0,000265220569630683;0,000261742948551888;0,000255878761695849;0,00025999709572349;0,000267701356526218;0,00027148352503019;0,000270624432167163;0,000265081030287933;0,000257070820745705;0,000252349650743598;0,000249366100601472;0,000251515464354415;0,000258409004828164;0,000259843175818124;0,000256034550468096;0,000249976556397422;0,000245563194512305;0,000247825376714987;0,000253681017682182;0,000271378922256151;
0,000257426039420449;0,000269756181880125;0,000270396026808321;0,000267251344984722;0,000265554124326016;0,000260386659507732;0,000254362477741902;0,000260412160386487;0,000269922560436225;0,000273110228816017;0,000268939806277249;0,000266728334158918;0,000260812337870421;0,0002534132578305;0,000248840659694164;0,00025159836198963;0,000256746941174324;0,000254300728891627;0,000249887876074689;0,000249033912533944;0,000247328361516734;0,000249791997643594;0,000254044877302423;0,000269429447113392;
0,000250198454713049;0,000269038562040743;0,000273449189378762;0,000273349121709069;0,000268485561075801;0,000259556091642663;0,000255411969923931;0,000260982846255007;0,000265495006677366;0,000263495682867353;0,000258180538458553;0,000256410406115746;0,000251768805614803;0,000248541399156091;0,000252286407798188;0,000257963897933947;0,000259839607401595;0,000257276827138798;0,00025458309249402;0,000255768109006247;0,000257966026819329;0,000262427443229179;0,000267858095476511;0,000277564070068525;
0,000257647753222302;0,000266476233343951;0,000267443956368841;0,000266193344851298;0,000261289803148933;0,000254112828300204;0,000252190290274605;0,000257004232283202;0,000260202986858014;0,000262630218763048;0,000265123445606905;0,000266737591381664;0,000265029492655458;0,000261891825109895;0,000263097471430066;0,000262346907343621;0,000257227421298858;0,000255210991740408;0,000257260703435273;0,00026160413882769;0,000265727507998475;0,000270130828588989;0,000272297596137149;0,000263267522877928;
0,000271525709324617;0,000262771366138392;0,000261636548901779;0,000261504920641261;0,000259556821082476;0,000259136471572001;0,00026075314977313;0,000265688938242201;0,000261016687999511;0,00025496630112578;0,000254168642610082;0,000253267560709906;0,000252630032039328;0,000250799992342677;0,000259098529023398;0,000269456269589792;0,000266908452647902;0,000267118873570864;0,000271472550782783;0,000272156414631108;0,000271517813106192;0,000265631927150453;0,000266177245057006;0,000256426424140397;
0,000267271219808717;0,000257441911184159;0,000258595778291753;0,000261258210593233;0,000260046747235895;0,000260556917827925;0,000265220292287182;0,000268505229616016;0,000263241477151783;0,000255689921424294;0,000254118995287318;0,00025536406248308;0,000256193243739963;0,000255178479255181;0,000264574184133092;0,000271629707082502;0,000267423573774544;0,000263258883084093;0,000267076668761023;0,000268087771488567;0,000270235045966348;0,000267278860730704;0,00027207131496774;0,000270286664614919;
0,000264170469106981;0,000253869145858991;0,000257124302846603;0,000257964444340846;0,00025713049886872;0,000258365147034202;0,000265290916321235;0,00026406454641844;0,000258547453184262;0,000253716893336491;0,000253110461466546;0,000252772920320328;0,000253222615805143;0,000254638070914411;0,000261225209163562;0,000262353348734061;0,000258356393759888;0,00025760967020515;0,000264730138509645;0,000265588379905726;0,00026814387820831;0,000267250220869169;0,000264896534020249;0,000260468983890744;
0,000266968416144244;0,000257163185578195;0,000254861474384475;0,000249329293690315;0,00024788041590089;0,000248633844478688;0,000253521951873339;0,000252685734913779;0,000251032430801485;0,000252511561078193;0,000255114859645823;0,000253050200158045;0,000254450332456136;0,000257213579828459;0,00026139457638867;0,000260036502166761;0,000256927192073141;0,000257451724952267;0,000262823153427007;0,000260600495369085;0,000262314540617498;0,000265124245045202;0,000267584075566216;0,000269339824913942;
0,000260119113216993;0,000258130936850628;0,000252100991201905;0,0002488639827904;0,000247137285029933;0,00024894639557008;0,000253001822597511;0,000254809253022324;0,000259275239603765;0,000261319593739443;0,000261130089304664;0,000255513224668182;0,000250954894683843;0,000253600906156299;0,000258422530162416;0,000257002876099868;0,000257792952226228;0,000259887035369688;0,000260918456279989;0,000256907315081503;0,000255230449484305;0,000258841566196171;0,000260184554963694;0,000255443637272295;
0,000255023720403033;0,000256501207653114;0,000253161674599162;0,00025136622131867;0,000250566091425357;0,000253184765052295;0,000255843931005803;0,00025532216340006;0,000260369831628403;0,000265719428715621;0,000267147902902633;0,000258675327087099;0,000254113358493838;0,000258312050236705;0,000259636498938077;0,000258272589167528;0,000264999426947359;0,000268178346576699;0,000264832500420755;0,000255838105813758;0,000252523669461772;0,0002550901954528;0,000256110433940746;0,000261456487545486;
0,000240821533626631;0,000250938271635157;0,000252545591109661;0,000251714217746372;0,000253552088520467;0,000253072418408984;0,000252947173160553;0,000252931017603432;0,000259114767125215;0,000266700147046438;0,000268691285613943;0,000267247081634994;0,000269387574920672;0,000274238682162333;0,000270314156373355;0,00026567782573154;0,00026873082159058;0,000265679570447358;0,000254488489074035;0,000247523456199572;0,000245783376979445;0,000251834834106762;0,000255139125744069;0,000271678862473322;
0,000260888635277992;0,000269106210262941;0,000265599957848792;0,000263895317362797;0,000262692945771915;0,000257149777554007;0,000255489161983146;0,000257572056402732;0,000262402869007288;0,000262482796041268;0,00026068030503328;0,000261515416475961;0,000264568403030881;0,000270847192678633;0,000270005484630148;0,000267684424028256;0,000268751813871965;0,0002628380557105;0,000252740039334122;0,00025005724751625;0,000250503916549277;0,000258686501356647;0,000259373675509636;0,000265133294307603;
0,00026989022389749;0,000270180593498485;0,000265344347878261;0,00026686466413352;0,000267308729851011;0,000262206057847577;0,000259150728757719;0,000262335778644053;0,000267918929587212;0,000269098075640167;0,000272670613071281;0,0002785963470971;0,000283531629490952;0,00028408016334414;0,000277457113809874;0,000269928733670625;0,000265551166533989;0,000260385207366111;0,000256195547910058;0,000258182455310566;0,0002612803318879;0,000266662411223591;0,000261055829242345;0,00024644701854656;
0,000281344533769433;0,000267141147976025;0,000265940009716543;0,000270660290444567;0,000274820226013889;0,000277262952376503;0,000276393308212002;0,000281103978961161;0,000277172225963861;0,000269396100852652;0,000269559402900354;0,000270398003022834;0,000269983638231468;0,000265402477967418;0,000257595225434736;0,000259272301494577;0,000258143732608932;0,000260238282878311;0,000266582527133291;0,000273672567124726;0,000276458569180125;0,000274045753300674;0,000262035357134517;0,000242018736894337;
0,000269305749442876;0,000260845954528104;0,000265905884509512;0,000275429553411778;0,000277633934987075;0,000281396706993695;0,000280987408917436;0,000281080006040665;0,000272890083111141;0,000262783202537348;0,000262857093717861;0,000265525216412528;0,000265190263227434;0,0002633814558815;0,000255018842015341;0,000250845070604449;0,000249823974505721;0,000252958780699475;0,000261008919837152;0,00027355877585263;0,000280504606447946;0,000277752677825085;0,000259625206905922;0,000235272336087254;
0,000273070841584793;0,000261868609102854;0,000267991231306799;0,000275080468942845;0,000276507369560496;0,000280579792144513;0,000284387063858035;0,000280051045856248;0,000270357467648737;0,000264109305804921;0,000263397482140616;0,00026156598224205;0,000258571990296389;0,000255234466428519;0,000247167625269141;0,00024077543749203;0,000240630714265335;0,000247728063928261;0,000259443512192423;0,000269484932824859;0,000277006320532628;0,000273893099226839;0,000256099958588499;0,000237314742941222;
0,000268697918002039;0,000260091758718904;0,000264483787627598;0,000264150664369217;0,000261536260253255;0,000262888572217939;0,00026846852230926;0,000265843466010025;0,000259331340495929;0,000258900467899672;0,000260265518847304;0,000254172392333558;0,000248776832856265;0,000244985664471718;0,000241875278097419;0,000239205208708808;0,000237799374788809;0,00024568517272964;0,000257062562163;0,000264173053055087;0,000269742943370019;0,000267144776153073;0,000257083951367084;0,000239320439326539;
0,000258030342013242;0,000264531114554594;0,000268052424655668;0,000268809333775976;0,000266358301120984;0,00026549271770331;0,000266334532904438;0,000263036279509717;0,000260675401558009;0,0002624562166482;0,000263386501563458;0,000261613550897581;0,000255736621538796;0,000251182866030109;0,000249939174516315;0,000249125532423937;0,00024641160571477;0,000252497196536308;0,000259506121224473;0,000265860070146019;0,000265951255119561;0,00026168125366663;0,000254895388954625;0,000235921528962054;
0,000262536187716075;0,000266451693867074;0,000267128821414422;0,000266400642366731;0,000264871284503618;0,000262409406228586;0,00026065710787739;0,000254861229456843;0,000251540288265639;0,000255895335242177;0,000257187993167882;0,000254381337845369;0,000248680915458438;0,000242185220932818;0,000241248887735056;0,000242289548340872;0,000246929593397069;0,000258085851112848;0,000267243241468393;0,0002741574688769;0,000274064986855642;0,000269287062551719;0,000264037233116617;0,000249326017896762;
0,000256016990850655;0,000259029946842524;0,00025739360128098;0,000256791700475281;0,000257372837071728;0,000255732428051253;0,000254945035298394;0,000248771757068632;0,00024632653940051;0,000253502650269237;0,000256137171204833;0,000256965392361759;0,000257442346817493;0,000254844499650825;0,000255667345628267;0,000254296540281923;0,000256696645115486;0,000264039875181269;0,000265752381029263;0,000267035088644823;0,00026569146419915;0,000262107147433072;0,000261101315375586;0,000258009422322123;
0,000258105155819335;0,000265335830373466;0,000265157642635181;0,000262194768411859;0,000261817219478573;0,000257946513117713;0,000253325808532998;0,000248686470909494;0,000253457946745847;0,000263545737365538;0,000266279152361073;0,000265138286004206;0,000264156947292715;0,000260757945188981;0,000259938117745116;0,000258221618377592;0,000260012556373594;0,000264030522801841;0,000262015299066619;0,000260376792839211;0,000259290977109694;0,000262757875985346;0,00027073314690827;0,000274796432626691;
0,000269985909721418;0,000271096380304984;0,000270408471102462;0,000267465198931279;0,000267353580434785;0,000261898423195147;0,000251473894133832;0,00024544007064093;0,000250715967807083;0,000261060260115201;0,000266604284251202;0,000269752441321383;0,000273819147866572;0,000270649819379209;0,000265689611282657;0,000260055688067537;0,000256692997956246;0,000256240371589509;0,000252473953115534;0,000248933346683663;0,000250305612384748;0,000258641080030986;0,000271919710702646;0,000279694396951401;
0,00025999608468049;0,000257405755797849;0,000262855524540194;0,000267031148575989;0,000268720978101506;0,00026868158537111;0,000259374843700415;0,000255297773706019;0,00025811993560753;0,000264627246951661;0,00027053386461544;0,000275791107433787;0,000276309314723855;0,000270464794224505;0,000264621131224661;0,000261504020003803;0,000258628230751884;0,000259561853529053;0,000257788522110537;0,000254857771874459;0,000255550693739296;0,000261152957791109;0,000275769453504638;0,000295087602120686;
0,000243229751763571;0,000239543152271871;0,000250557712181629;0,000260300514972311;0,000259037521307593;0,000259330191701645;0,000250143611041076;0,000245230190538509;0,000246370095432096;0,000252266911893731;0,000260201940045092;0,000269592969953755;0,000269507569803548;0,000266179395149629;0,000260203223946075;0,000255050490652643;0,000253931680403586;0,000253430687029335;0,000250709710888806;0,000252680116097296;0,000254522665007815;0,000258493702351935;0,000264256620410269;0,000273801212946992;
0,000242886910621449;0,000247675150554026;0,000259107819879578;0,0002666355563127;0,000266051062063714;0,00026648135046084;0,000261688350858804;0,00025907165788546;0,000259386590977631;0,000261358956105772;0,000265876392516517;0,000269142170030173;0,000267027215284641;0,000265421332341207;0,000263227028473147;0,000262475744550486;0,000262870264253584;0,000260567188878146;0,000256334116934617;0,000251825518711467;0,00024817429044347;0,000245987543710724;0,000248203989958454;0,000257759029881846;
0,0002269524756626;0,000242775683565953;0,000257053600670252;0,000261494215954109;0,000261409547281529;0,000263075333317546;0,000261614477923269;0,000261275050570716;0,000260514488387036;0,000259208546139657;0,000261331788153202;0,000259378195988111;0,000257597951333837;0,000261270426685156;0,000262701593360142;0,000261405537651771;0,000256595468529963;0,000251951398007279;0,000249371718629432;0,000246166102469601;0,00024537714061226;0,000248947341320567;0,000253543429725773;0,000257703825208578;
0,000242305732789319;0,000255164033341485;0,000259712906816443;0,000259574392126974;0,000259449948506567;0,000261272297933568;0,000261998570285733;0,000263017770318461;0,000263262228506327;0,000260191443328065;0,000258948138882998;0,000259369778846808;0,000262081556304622;0,000270170003181989;0,000272138341071943;0,000266055533297717;0,000257489709396285;0,000248951232557822;0,000239260527722469;0,000235730804824898;0,00023719400537876;0,000246575153282792;0,000255980295343745;0,000275131493316143;
0,000265063403424003;0,000260386939924573;0,000251984345347769;0,000246779731110212;0,000246108596541926;0,000246707315724727;0,000253003720428739;0,000257390937317158;0,000259426450605154;0,000257069419715766;0,00025556001990822;0,000257600400801115;0,000258983411324196;0,000262950531293143;0,000264559101255122;0,000260576440309107;0,000259963321493362;0,000255380076415554;0,000246413741864474;0,000245181796190278;0,000242766482075561;0,000244586700415149;0,000245996474645544;0,000262437100608807;
0,000275897900481412;0,000263086490607387;0,00025391877796281;0,000248561792415043;0,000247237718147376;0,000248351635947816;0,000251880437361485;0,000253061053698338;0,000252277576010626;0,000250057900905034;0,000248624811256231;0,000251229801036454;0,000254239120259488;0,000258657792904588;0,000262021677381077;0,000260974875254363;0,000261176981743229;0,000255825521276787;0,000250626927164654;0,000252249927502228;0,00025121829521075;0,000252453833644314;0,000251076468250544;0,000256465419236043;
0,000263516339812616;0,000259596770778094;0,000264460536598985;0,0002665784596156;0,000266814828554911;0,000268165239715693;0,000268355619216571;0,000265586655488894;0,000262362792078709;0,000259565549633992;0,00025625643633856;0,000254349359129542;0,000254698476664458;0,000259693827038236;0,000266127579915606;0,000271020543365235;0,000272733352291675;0,000267679778194872;0,000261670627833447;0,000260724445491885;0,00025843183324136;0,000259934558731474;0,000259383286645513;0,000257305769819698;
0,000281088748022596;0,000269253584839815;0,000273300121674318;0,000275189743883236;0,000274089160668726;0,000274872283015968;0,000272120627434845;0,000265119873980381;0,000257094658475447;0,000254418158647823;0,000253350744274002;0,000252343743166819;0,000253241725994359;0,000258631803302034;0,000262692177586712;0,000265954123055744;0,000268196412476341;0,000265184563539438;0,000257368538968913;0,000255035262467568;0,000252387716006358;0,000254815593560622;0,000260018509454067;0,000265707297347916;
0,00028126958856905;0,000272059787505627;0,000273790243150911;0,000276565689454057;0,000277243961894082;0,000280569317422214;0,000277262630512872;0,000270883092140356;0,000262876612865232;0,000262580591206457;0,000258149672830117;0,000256804549699928;0,000256868067209052;0,0002578928157552;0,00025937760112269;0,000261922627958815;0,00026534826000254;0,0002686397574933;0,000264949050442115;0,000264258759464087;0,000263364993813136;0,000261881027834751;0,000266113670399271;0,000273180021603921;
0,00027831079658313;0,000273925325883804;0,000272576550333614;0,000271491057758118;0,000269255541384057;0,000268236317723814;0,000260972161549655;0,000254841864308587;0,000251376264284658;0,000255431010899195;0,000253842058886126;0,000257626396457984;0,000259549633680126;0,000258178250859704;0,000257161359903873;0,000262322037046617;0,000268744985325965;0,000273198076005304;0,000273815751222758;0,000274138559287855;0,000270869714915219;0,000262569471073342;0,000261441997338591;0,000263164515125856;
0,000280889723731659;0,000283053155386483;0,000277035424663609;0,000274932183020325;0,000273198967082489;0,000268927910180366;0,000265169391178947;0,000262206318269576;0,000258981095868651;0,000257834634701755;0,000254250488645716;0,00025545291449635;0,000255386570438222;0,000253380565994227;0,000255458526726826;0,000265674408818637;0,000273284296015513;0,000278186866759926;0,000283936598162225;0,000279796978695832;0,000273908324021177;0,000262991416264107;0,000262353972584653;0,000263754622296883;
0,00027585688488802;0,000281317066962794;0,000268931438344959;0,000265119388869338;0,000266187408820174;0,000261907774211399;0,000263577653635721;0,000267609944028372;0,00026877751796937;0,000264984320042543;0,000261222552812678;0,000263163471758505;0,000264140194088212;0,000262578520694676;0,000263270433101932;0,000270478000296369;0,000274604218599373;0,00027817593832274;0,000286185892823012;0,000282769311300256;0,000278725727194286;0,00027142547521925;0,000268531668782263;0,000269083376015758;
0,000255107275439003;0,000268573782655268;0,000256504906235856;0,000254801006745926;0,000260220967092018;0,000258418645076318;0,000259624184160585;0,00026421593315067;0,000268284224462125;0,00026250738409454;0,000260001400128695;0,00026379921290299;0,000268623812020963;0,000269998139802975;0,000266924282835328;0,000265852568165314;0,00026753152324449;0,000269370143502447;0,000275108556924885;0,000272313366440207;0,000270682390097791;0,00026833329609134;0,000264109962195428;0,000266122627990986;
0,000249162385169278;0,000255471005848168;0,000237389909432738;0,000233916106062659;0,000238493767188895;0,000237969247830141;0,000248400401157808;0,000259962994477369;0,000269489496194766;0,000267147540356918;0,000269069430650233;0,000273326301992764;0,000275026508609362;0,000273728774359002;0,000268887520484502;0,000262200206815787;0,00026334128784197;0,000264836695387154;0,000268270076212771;0,000266914406791161;0,000265436721339005;0,000263097799594108;0,000257763920269909;0,0002611476151379;
0,000257858539219788;0,000260254824875765;0,000246457323320735;0,000239314610574299;0,000240376184569995;0,000241184899643768;0,000250642079246368;0,000260500684013381;0,000268288970391601;0,000265293159587091;0,000265216736178975;0,00026502018878588;0,000261954386281382;0,000258690882179398;0,000255369723767995;0,000252126631272857;0,000255700481541587;0,000255612652330817;0,000261761546325911;0,000268640362593725;0,000269572552416249;0,000268807970583251;0,000265927282248307;0,000265496337730699;
0,000245707638403629;0,000255806010931897;0,000262132767317031;0,000261824913008534;0,000262451791585325;0,000265067594012049;0,000271683222627912;0,00027194978587473;0,000270513259292126;0,000263313678413079;0,000258323802456806;0,000253506800709047;0,000249209315775773;0,000252337374419887;0,000256181781164988;0,000260102768054408;0,000262774238193753;0,0002567507126661;0,000260756429754308;0,000267047821006165;0,000267109789507594;0,000268204293796463;0,000268275041252973;0,000262477212798648;
0,000226376454203756;0,000249678759014675;0,000267171929848491;0,000270190195647264;0,000268159237657355;0,000266493416404725;0,00026752863581675;0,000266012148946265;0,000264595112462488;0,000259079058142319;0,00025728974812418;0,00025275950684163;0,000248233761851034;0,000252870864025134;0,000261550424024852;0,000270483538755952;0,000274228864009667;0,000266034748680981;0,00026609608592668;0,000269083432548359;0,000265576429347001;0,000264800427653251;0,000267205658778076;0,000257338200265641;
0,000233082296427486;0,00025690613836917;0,000278048545021065;0,000281094917074872;0,000280404699798706;0,000279164982599282;0,000276298916190441;0,000276130901437916;0,000276041400572804;0,000276100756791336;0,000269032423147582;0,000256411665477659;0,000247004422861651;0,000246693093704661;0,000252163961514143;0,000265982239953868;0,000276187434967123;0,000275355703735742;0,000270318041866014;0,000265646867363644;0,000258450266248144;0,000253460265001546;0,000250333917005801;0,000252222083954;
0,000247117117477562;0,000273199058235632;0,000292263379447658;0,000289903925512636;0,000284494955182107;0,000277644109288275;0,000267736873356444;0,000265184926707494;0,000266988715021398;0,000273273019288642;0,000272423121369381;0,000265633293078915;0,000260513589472534;0,000259103729570825;0,000258844412452391;0,000265004712507683;0,000267693005760845;0,000264130545068615;0,000260430204572624;0,000260908539852647;0,000257014082485473;0,000254129561992602;0,000247788376031655;0,000234861106944398;
0,000270119770883973;0,000281091274497459;0,000293227024593759;0,000291970963453075;0,000284517720123765;0,000276610177616846;0,000267213022688736;0,0002602412207889;0,000253470749481486;0,000256028798479942;0,00025687192684748;0,000253246715131464;0,000250133103070088;0,000254549780486607;0,000258060062793727;0,000259675115241454;0,000256757107871272;0,000254091953909614;0,00025419272661103;0,000254408247303386;0,000254509778514633;0,000261253574771847;0,000260624925317439;0,000249967131518118;
0,000295681418978424;0,000283472072885841;0,000279876633046159;0,000279574683262701;0,000273507175677257;0,000265702068323534;0,000261567412604271;0,000260785132367283;0,000257260923486084;0,0002612304856522;0,0002637706535609;0,000264914561447345;0,000259275565330866;0,000255087098726053;0,000251434897115111;0,000247188116980821;0,000242797450315974;0,000248191832349117;0,000253498458739701;0,000256925991500102;0,000261338309924626;0,000270366657600334;0,000266780802408134;0,000260956587933862;
0,000276045354264977;0,000261332904475297;0,000260013312647468;0,000265221019395552;0,000265897501584217;0,000263275220144588;0,000261367870234217;0,00026375838764604;0,000263434347464697;0,000267025979032305;0,000271581159137992;0,000275680640258495;0,000274419018495975;0,000266667398047682;0,000257133749473105;0,00024695556703775;0,00023479772230424;0,000237562091162033;0,0002469313698562;0,000257307352799641;0,000267099607553403;0,000275744256980972;0,000263267689375381;0,000229550340054018;
0,00027332407605144;0,000253868078384932;0,00024562797855764;0,00025289888718537;0,00025359191458257;0,000250073825152352;0,000253515730003657;0,000261575364673741;0,000267341661131913;0,000275296134397742;0,000283550245641566;0,000288976081989325;0,00028763372350674;0,000275509978015105;0,000266673210912506;0,000252810674008064;0,000237154592559927;0,000239027809411724;0,000246366976729905;0,000252446981486311;0,000264156471875366;0,000273207009005163;0,000266256289945987;0,000234154774973817;
0,000274449924000449;0,000252225385696096;0,000241681962900593;0,000251549494397424;0,000252037380156564;0,000253203074294863;0,000256973955409633;0,000261773050525095;0,000262510698565803;0,0002620764816035;0,000267675380050006;0,000279028226140882;0,000284531536976921;0,000279319862412285;0,000273293378616303;0,000259805464430416;0,000244941935376959;0,000243532615082053;0,000248639498194638;0,00026039851968661;0,000274779937548251;0,000279844691257147;0,000270029651237127;0,000237524109851553;
0,000273522094574459;0,00025117829371932;0,000243247078048557;0,000251885199390109;0,000253527512941797;0,000260085527782829;0,000266823068074594;0,000262621631410703;0,000253095013428136;0,000244899125762677;0,00024378300636285;0,000252686251895827;0,000257943489620713;0,000262143489433038;0,000267313480057639;0,000263174495218797;0,000253889709675264;0,00025344567888977;0,00025750884136627;0,00026836762064967;0,000276088170436519;0,000278838875417494;0,000278753942512932;0,000258888184468219;
0,00023316516416826;0,000236579986367198;0,000238079383295378;0,000242366562516121;0,000246791376714915;0,000253580153584195;0,00026095686668578;0,000257315930883964;0,000254273232903757;0,000249340915934677;0,000245804835885948;0,000246974943805797;0,000248039901809216;0,000249579352516024;0,000258839731063387;0,000262695028097391;0,000263391295721917;0,000266034089094555;0,000273835519362311;0,000282072525502953;0,00028176411848137;0,000275474704768166;0,000277734688344752;0,000254639041000079;
0,000221753214979468;0,000236398099085943;0,000242832287112527;0,000244387416962677;0,000252985188422924;0,000264396792687505;0,000271486124054588;0,000269853480202731;0,000268837961742112;0,000260958072646388;0,000248597072252541;0,000240567028470622;0,000243361764929377;0,000252822165454079;0,000264225456539543;0,000275366515668803;0,00028735101111849;0,000292765355762539;0,000291659799484031;0,000285580385599579;0,000277590619215101;0,000264873231152523;0,000260130542344226;0,000260548689067067;
0,000230928850414863;0,000245786404541352;0,000251136448625447;0,000247160114129083;0,000253492429014713;0,000261377927178351;0,000267905021698294;0,00026502695675825;0,000264748699189391;0,000258841179886974;0,000251974811310096;0,000242814649578935;0,00024647148395014;0,000253914283520596;0,000262087641463942;0,000270996560285535;0,000282659843414906;0,000289263861326147;0,000290234832217471;0,000281599158913532;0,000274110308180256;0,000260518498406709;0,000257543210355349;0,000266585458903255;
0,000249731661201131;0,000257743737447245;0,000257141607565959;0,000250839012869434;0,000254965501261186;0,000262569192452797;0,000268026133426692;0,000260167154056317;0,000251185363007718;0,000241163934958794;0,000234892512850228;0,000228819160381277;0,000237503239718064;0,000254474377427326;0,000265083117304897;0,000268905236313551;0,00027505037078661;0,000279193312826439;0,000280176138223747;0,000272170371929261;0,00026717892334994;0,000260378424825137;0,0002570033326087;0,000266264702200285;
0,000257814885000107;0,000268134712868093;0,000267530745939089;0,000259173549180399;0,000258704748095514;0,000262900425100114;0,000261454388965031;0,000253527067119864;0,00024883353450486;0,000245506298861567;0,000241763319863479;0,000236754179734732;0,000243187218487329;0,000257409099200517;0,000263831040256696;0,000265962531677126;0,000273765766114964;0,000282204624523139;0,00028116809545076;0,000270947431736785;0,000267119423023082;0,000263226454134995;0,000263818493028674;0,000289589879843897;
0,000260341806594764;0,000260697131195694;0,000259239879514183;0,00024852563482937;0,000244549256477819;0,000247390694113545;0,000247393269382472;0,000244787794866723;0,000245721334820607;0,000252196940405048;0,0002593112246141;0,000258760653812971;0,000264889224168856;0,000273058744637219;0,00027079792179543;0,000262864766701823;0,000259077546301315;0,000260642229131423;0,000261366371089543;0,000257435086555112;0,000259690047138725;0,000260995144020505;0,000257751328981659;0,000270100379153179;
0,000284560369380025;0,000270927937161571;0,000256964861782077;0,000240016047765683;0,000236147351065249;0,000241177281593029;0,000247960244194404;0,000257547139212232;0,000269801042490665;0,000278621128725898;0,000279078231816084;0,000271109601247468;0,000270574338131719;0,000271173668885875;0,000266106753022065;0,000257063005234666;0,000253711661571876;0,000251454489890709;0,00024988690626727;0,000248849253370224;0,000254000628321799;0,000259816404417415;0,000260555938153639;0,000264560830671965;
0,000296635236927524;0,000276768232553697;0,000264216778854984;0,000256580186142586;0,00025517593741477;0,000261368251216759;0,000263944308714966;0,000270378515887777;0,000279658968416162;0,000281782906182249;0,000282024654406267;0,000281769878861544;0,000286070513858988;0,000286092132389347;0,000275143517580504;0,000261692275950841;0,000256757999849787;0,000248372794870019;0,000245648497072096;0,000251777719729447;0,000260209680141003;0,000263869559370898;0,000256107656705184;0,000240215053968955;
0,000305487430609173;0,000283379590295305;0,000269588159570697;0,000263873023063989;0,000259752512867874;0,000262524021872413;0,000260206835094285;0,000260035538713297;0,000260758309538426;0,000261023437233071;0,000261897788249751;0,000270458355076883;0,000280197097472791;0,000286607286222369;0,000283365148105886;0,000273516681768465;0,000266743413457994;0,000254154045428053;0,000243480448915023;0,000246201272910668;0,000248939484552816;0,000250643952888406;0,000248713860687276;0,000242583011363837;
0,000276614790873552;0,000260023527490921;0,00025946600825295;0,000257098715664177;0,000253562044898851;0,000254253065285135;0,00025428426920512;0,000258892036116084;0,000266608066224973;0,000277920067523391;0,000277558676837258;0,000273186016762151;0,000265596362562947;0,000255730254598766;0,000252878777888199;0,000253580268132374;0,0002617599051718;0,000258879214199045;0,000247698049523328;0,000247827313002828;0,000246000987632896;0,000244850753854604;0,000253336931911771;0,000262873095395429;
0,000255583704759688;0,000245468414655947;0,000251248082693289;0,000256001674551333;0,000258158563065705;0,000260965260173809;0,000263626108766351;0,000269477869993642;0,000273351694232331;0,000277200068358772;0,000272136105850146;0,000266131820664129;0,000257265844348842;0,000249349712682036;0,000250131094625759;0,000255539371765399;0,000266908906608153;0,000265151215009524;0,000255165452130409;0,00025397642571339;0,00024994632466208;0,000248465907411463;0,000253523325719161;0,000265055985060338;
0,000233486183382745;0,000232466076297007;0,000242151646356693;0,000249280347559132;0,000254460609327999;0,000254191835077654;0,000257670762351896;0,000262417876253953;0,000259575205550512;0,000256506862992027;0,000256050832731228;0,000249404023227693;0,000241109743818587;0,000231190893535237;0,000233978062958029;0,000244241951628407;0,000257678454171883;0,000264538472369955;0,000265616155181835;0,000264090157507122;0,000258511853951507;0,000249929869296897;0,000249332584102587;0,000256335714971221;
0,000244971389848043;0,000239984822117136;0,000243215809240063;0,000252494539386432;0,000260890325833847;0,000262480537091578;0,00026976321428876;0,000274405034682186;0,000261455113239649;0,00024714679029815;0,000247049167047944;0,000242143914054063;0,00023578641097056;0,000228480181880219;0,000232240110846608;0,000242862989312979;0,000249299446017497;0,000257088849135544;0,000266177757408732;0,000262084103113201;0,000257745784725943;0,000250696599471993;0,000253694773140267;0,000270530829098252;
0,000248463164557103;0,000255234872919799;0,000257862299782844;0,000267710514135625;0,000272304227958024;0,00026775187004951;0,000268813009540419;0,000269853452230544;0,000261129871814053;0,00024750897778688;0,000246808666195864;0,000248019343460254;0,000246330298232791;0,000240681488951894;0,000244599355469763;0,000257651991689757;0,00026098304278562;0,00026582846590501;0,000272853634808971;0,000266522861050369;0,000260682707711213;0,000248405196833005;0,000243767006656263;0,00025018124008074;
0,000263594353366453;0,000262343372128421;0,00025533313024805;0,000260714320523706;0,000259081799498316;0,000248336935448202;0,000245157952346658;0,000245183875371453;0,0002447642556481;0,000246475047010945;0,000258508173243725;0,000267181422861251;0,000265565772137805;0,000256559740565956;0,000256833728089138;0,000263499247632083;0,000261919591003349;0,000267829740536211;0,00027556736641781;0,000266837707342242;0,000259800026326808;0,000251127747684437;0,000249693608540023;0,000250266077594355;
0,000273282952035891;0,000273042216746277;0,00025989270231465;0,00025724935453758;0,000256885229166182;0,00025105552514154;0,00024727138830792;0,000251453084428979;0,000258886830466431;0,000260407651766867;0,00026630574504803;0,000273719516382868;0,000275524010855554;0,000268786209591735;0,000265406698135697;0,00026655871685773;0,000259710111785734;0,000262813657766162;0,000269416366316803;0,000267754170862024;0,000268935195620855;0,000270463719558497;0,000273479752791271;0,000278727537580306;
0,000283431861121095;0,000282544784365767;0,00027576909719864;0,00027880931483064;0,000279988490148828;0,000277982603609301;0,000266391037736076;0,000263381165176985;0,000270877647987417;0,000266856554819839;0,000271680102187818;0,000280279834844319;0,000282210551162525;0,000275499773857005;0,000266342138299239;0,000265293699234126;0,000258281909271199;0,00025677345295964;0,000264285446686791;0,000267867912997703;0,000271938558285933;0,000276886927659168;0,0002795552351492;0,000276587335963152;
0,000273269005975974;0,000286976052266108;0,000280537119829373;0,000281327064464566;0,000281412439261829;0,000275213647885007;0,000263277709722913;0,000255790468761018;0,000261617867681841;0,000258469325031255;0,000262252009435373;0,000278372963695394;0,000289625032686454;0,000291353291368065;0,000283762237167178;0,000281771122161433;0,00027265155236299;0,000261216714507236;0,000258870292640991;0,000260893602187563;0,000261920657254919;0,000265159424909012;0,000272421913262444;0,00027601879436615;
0,000263039518594141;0,000270410615641409;0,000274707619433394;0,000278702636942132;0,000278439483692396;0,000274428537753875;0,000265533486529546;0,00025691645768367;0,000257118621371157;0,000260310191273951;0,0002585151453907;0,000267097018318294;0,000276897658542772;0,000278548496129252;0,000277498586842903;0,000279911919771466;0,000277146955533778;0,000266645431889286;0,000251611775678183;0,000245658541513;0,0002465138451315;0,000248357514334535;0,000266445665757619;0,000296602641196968;
0,000264007284387185;0,000264511796152888;0,000270586644187457;0,000270776919997574;0,000269038525157053;0,000263579269946669;0,000260292174079145;0,000255202094848213;0,000255454541895043;0,000263763777023006;0,000262687048174002;0,000262748911756297;0,000265763652405864;0,000264660390873301;0,000268711468625156;0,000272064038467978;0,00027276181359558;0,0002672034990958;0,000251451475038683;0,000240360120990063;0,000239367828088045;0,00024373268142018;0,000265166059870461;0,000305395386792354;
0,000245041134051885;0,000248507180910912;0,000256487804905656;0,000249114694851252;0,000246012366073599;0,000244805288090758;0,000244114501219095;0,000241932385127825;0,000240953494382476;0,00025093920588934;0,000249380727304932;0,000244210225326807;0,000249128248390881;0,000255932306690429;0,000266405918280891;0,000268815409211949;0,000269715738517664;0,000268130515832819;0,000253378955903671;0,000244981697375116;0,000245922199125526;0,000252460017860003;0,000269842098307172;0,00030538082207429;
0,00024418829936994;0,000249748148485214;0,00025305826513867;0,000243771856951157;0,00024389899976495;0,000246629254503203;0,000249852298937188;0,000251540961694287;0,000247946628164719;0,000255928697557738;0,00025359971613361;0,000245493958332535;0,000248734214203982;0,000259036984321343;0,000266797232770583;0,000262685846968068;0,000260694246902029;0,000260626830125897;0,000248400069817797;0,000240160926781157;0,000240961297245225;0,000252543666840585;0,000268108045189809;0,000302878654723367;
0,000233712153290732;0,000247813672269472;0,000251530066350163;0,000240930423073777;0,000243222987565364;0,000250334611076951;0,000255648861621132;0,00025859492902452;0,000260588023972917;0,000269447735569249;0,000266369431017155;0,00025868041151755;0,000261338567915166;0,000270303352501118;0,000271190255811265;0,000266422309486057;0,000265937156952388;0,000264831046445646;0,000257292921949868;0,000257584852040071;0,000255524589543452;0,000256530502217596;0,000250892258620298;0,000250883828279221;
0,000230738086392967;0,000238934675831026;0,000237273696825474;0,000234813559243036;0,000242399924416053;0,000254949048262784;0,000268059773638273;0,00027598873090849;0,000280081692578585;0,000285516186879769;0,000280023054244372;0,000271749999317363;0,000267529225008182;0,000273301257109191;0,000274739889128126;0,000271347164655226;0,000272874400791335;0,000270386930922069;0,000263458004174478;0,000261335336799903;0,000254973678832979;0,000256051017253777;0,00025562825726753;0,000253586044501465;
0,000230276552960566;0,000245800597274323;0,000245063783711637;0,000241401867350822;0,000249954790766171;0,000263991608936292;0,000278292084405802;0,000286838449380772;0,000289750234471488;0,000286628692696493;0,000272710879398681;0,00025976049625412;0,000253296323641229;0,000259697090674286;0,000266677622268652;0,000266786761098448;0,00026886141083883;0,000268170083784982;0,000268979861831369;0,000269171041677115;0,000263671282698252;0,000263049099860368;0,000257783507256082;0,000247817964586304;
0,000248906506285486;0,00025854567136035;0,00026080367727706;0,000261090049191495;0,000261564896487319;0,000271298355116134;0,000275727455656085;0,000283646573896026;0,000295121988233258;0,000291766908779025;0,00028304156773995;0,000272847573049016;0,000253162628496118;0,000251764197501568;0,000252902369043114;0,000255589638995456;0,000263808144548922;0,000266086770533899;0,000274409519952569;0,000281393652629121;0,000273899946257353;0,000275141719168142;0,000261649291808054;0,00023569931868905;
0,000238161461161945;0,000258912667726793;0,000258650288707727;0,000263793941753984;0,000264905583880434;0,000269839091559377;0,000272695025556768;0,000282441463897141;0,000301577370540434;0,000297994952721284;0,000293352988477742;0,000289320644157888;0,000268461353032243;0,000260658851678441;0,000246566704731012;0,000242819649122695;0,000248460071492799;0,000252531510578339;0,000272058521904214;0,000290244262081729;0,000290557406478964;0,000295355924139391;0,000272115162259237;0,000223509954529331;
0,000245531337628559;0,00025498856852203;0,000260416813544794;0,000274071420074438;0,000276629589124836;0,000280342234873373;0,000282155629314269;0,000286658327063632;0,00029497634755201;0,000280235119451906;0,000274003977537102;0,000271616189636774;0,000256218038559888;0,000248467071908963;0,000238715004509511;0,000244032738044712;0,000251273103275602;0,000252906152625016;0,000270083810771749;0,000286041611778131;0,000287736724423326;0,000285474761087491;0,000263403945370186;0,000217881786345489;
0,000255273046699911;0,000261523977382948;0,00026799874401172;0,000282145685341094;0,000282497706644209;0,00027850895733647;0,000273671803011295;0,00027340542623068;0,00028069965939428;0,000265980962080136;0,00026584444170048;0,000263752228793713;0,000249328415132307;0,00023880018061774;0,000231834535087207;0,000235693699561157;0,0002432621881181;0,000246049509272155;0,000260235252416862;0,00026848547667741;0,000270106400026105;0,000272945419255063;0,000265673550545484;0,000236516757225881;
0,000272794789516546;0,000268477236449979;0,000277508133420646;0,000283545237446185;0,000277653105601909;0,00027412842245194;0,00025999642301533;0,000256788133999861;0,000260292349735699;0,000253618836722792;0,000255904854033844;0,00024856282746486;0,000235804609112296;0,000228605538130013;0,000226818099246513;0,000232703292642159;0,000234516541754263;0,000238688900216465;0,000251066119155007;0,000254434786196881;0,000258636691380275;0,000267342999705148;0,00026887894878827;0,000245848551175022;
0,000276338408557143;0,00028242637902969;0,000281861729937855;0,000277019933824537;0,000266945551541321;0,000254037006552951;0,000235231498387899;0,00023772848468845;0,000243352087272352;0,00024393008468016;0,000246780777751479;0,000243998384032911;0,000246891758484711;0,000245832646287335;0,000244931877491899;0,000245751792097093;0,000235746717862167;0,000232557949045353;0,000237364403319867;0,000242042739241004;0,000255575837326827;0,000269645265592431;0,000270968534547614;0,000239602270585294;
0,000286073695745678;0,000287137515207466;0,000281876890556134;0,000266680066063067;0,000255438686246234;0,00024449810217;0,000227902673329541;0,000227232134022871;0,00022777046399719;0,000239216241242162;0,000249613249786806;0,000255515036357675;0,000272050270623821;0,000277794315858928;0,000277140593740176;0,000266979169959966;0,000247747053448728;0,000239922060182215;0,000239213197526909;0,000247325471056531;0,000264516966252034;0,00027993165197539;0,000286665044683249;0,000268811528606539;
0,000279026449628378;0,000273004479718638;0,000271310136805026;0,000270785568026373;0,000270730246873603;0,000262548413001991;0,000251006747383786;0,000242562239767167;0,000227142782132905;0,00023318212839557;0,000248494594032405;0,00027107996217275;0,000301909163153591;0,000308395814303868;0,000308273853617004;0,000295032633700803;0,000267946496573898;0,000252186637494061;0,000241939729567404;0,000241690328868061;0,000255800970816948;0,000265217270337635;0,000286738398388358;0,000310116364414456;
0,000215584431485518;0,000247997879827259;0,000258848475237712;0,000264029601890051;0,000271408767995814;0,000258414970129913;0,000252739931843348;0,000243213222417719;0,000224440912481189;0,000228490042884137;0,000235251606370738;0,000253740923922626;0,000290124255351433;0,000299557703019362;0,000305259966316381;0,000295576662661329;0,000273563712510095;0,000258271213010648;0,000246645671308839;0,000237095424642718;0,000249988520169191;0,000252956653399179;0,0002721805439758;0,000312295917353969;
0,000205022095262883;0,00024589396396685;0,000262659563113594;0,000270267611716579;0,000274285743553357;0,000259421009449861;0,000259031653361896;0,000254340923145943;0,000239302062293184;0,000247029071638105;0,000252993467942352;0,000267370102862552;0,000286917705510198;0,000293815238803873;0,000303643780419335;0,000293696489373089;0,000280257702883986;0,000274192048825958;0,000262043994602824;0,000247559474068424;0,000247121078217934;0,00024572562775247;0,000255847115200506;0,000293891103661191;
0,000231823796773819;0,000243583492770871;0,000246332571529723;0,000254612754530526;0,000262256084961414;0,000257911756545787;0,000264466685474107;0,000261646835712979;0,000247493445877083;0,000251314681223476;0,000259705268936811;0,000279550812114048;0,00029574106004832;0,000300933273095783;0,000302228622173636;0,000283377705449289;0,000266299371243325;0,000264393419593324;0,000259819107252598;0,000258945955578078;0,000259961824211175;0,000260933127659696;0,000261093983814008;0,000274470329516445;
0,000246222568867939;0,000240735337665709;0,000239345168633305;0,000246612514904023;0,000253162239539995;0,000256370342886264;0,000270559243419977;0,000269324495656636;0,000255522519405755;0,000250135967951007;0,000255763882402176;0,000270564351717616;0,000283215036855655;0,0002917031567877;0,000292592370590481;0,000281032052416472;0,000272228588268395;0,000270889433462445;0,000271218180262049;0,000277242285377799;0,00027773713947648;0,000271268091983124;0,000259058168683741;0,000247837563515068;
0,000263902729135604;0,000240082594881204;0,000234674548914522;0,000243783465127058;0,00025266761011548;0,000264520959830974;0,00028125620034208;0,000277702319927309;0,000268742707662144;0,000254893512518697;0,000255264542331244;0,000263492590948068;0,00026820918617299;0,000273939060566444;0,000271924351170867;0,00026451492073193;0,000266425011555571;0,000266000800920503;0,000268711623059913;0,000275294013687586;0,000273262723979069;0,000265572606713303;0,000256007296878714;0,000243641538125295;
0,000279028638519601;0,000242515724337323;0,000241071384331804;0,000249936304955843;0,00025570375320067;0,000272081760245099;0,000283025638365032;0,000278462872058506;0,000275138353117139;0,000266461895297049;0,00026039082530036;0,000251153321403639;0,000238646926599229;0,000235780050028108;0,000229944585076279;0,00023357080741449;0,000249416494383357;0,000256436289876185;0,000261520040797337;0,000265256515836596;0,000259240636958817;0,000249450948020553;0,000236518375862888;0,000213166719152574;
0,000280418556620879;0,000256224708210672;0,000252032818673791;0,000250897026878028;0,000250024448587417;0,000260086594305825;0,00026101814921962;0,00026347692403555;0,000274990583356567;0,000274053107869609;0,000265989771285751;0,000246543913430505;0,000226707928549706;0,000217427401486027;0,000212666635443343;0,000224370741008304;0,000243133316064193;0,0002523168293116;0,000257224071345873;0,000258401071830211;0,000253850175253594;0,000249795198537977;0,000245349285296754;0,000221501523208778;
0,000288980681996771;0,000274612984448023;0,000262694965504776;0,000249815977411162;0,000239830104153886;0,000244590081790341;0,000247443322914084;0,000257061684801128;0,000273786545601387;0,000276644018383478;0,000270978108908386;0,000255032988292986;0,000236236064855019;0,000230142391983093;0,000229075172948426;0,000237087157818302;0,000250320622134181;0,000254982003296786;0,00025975794840618;0,000264387898556325;0,000263611857864986;0,000264599557397555;0,000267410798698615;0,000255783267998799;
0,000309427220782428;0,000285089564365695;0,000274525759871194;0,000266697649089355;0,000256253879408079;0,000254330036047326;0,000254787654678272;0,00026049812348604;0,000268583475716742;0,000267124439056582;0,000270459572444023;0,000266924932619219;0,000255132330929293;0,000244264483431865;0,000247338038410002;0,00025799755833131;0,000269438268157148;0,000272128319550813;0,000274757664630473;0,000277109820256387;0,000272210685327881;0,000262458705427751;0,000268541186988284;0,000267962874443444;
0,000276038549822248;0,000268197007430713;0,000265880008853001;0,000261765172199646;0,000255542753644176;0,000246224682907197;0,000241538909179028;0,00024493303664991;0,000252547441170494;0,000259699072433383;0,000264360905820582;0,000266155573632917;0,000266558151798343;0,000257121522403482;0,000256347051983794;0,000268732803514565;0,000282977057590498;0,000284591194778459;0,000282918303210076;0,000280161945691552;0,000278725312487334;0,000267927870843926;0,000271125742112718;0,00028488493436664;
0,000257825604178203;0,000253532256432867;0,000254065843205042;0,000252303690043593;0,000253090190822551;0,000249520430446001;0,000248483330837053;0,000255643556096512;0,00026461667470728;0,000277522205494407;0,000282456752097139;0,000284449980396379;0,000284541344162204;0,000274251305712846;0,000268431340808884;0,00027014032114099;0,000280406042334586;0,000290718053392164;0,000292406034592239;0,000288487748008633;0,000286345689379538;0,000276036778793107;0,000265500919565545;0,00027530657495079;
0,000274413031031033;0,000242894019185939;0,000231477900457292;0,000233157460350593;0,000240664237824476;0,000246168501378528;0,000250427603248515;0,00025970003485053;0,000263953674187282;0,000271137818744461;0,000276370445011099;0,000284311830657904;0,000286438052455944;0,000278253431063658;0,000274234845899589;0,000275788888252251;0,000280579540690001;0,00029067131789393;0,000286899917611166;0,000285086972593445;0,000279553929558843;0,000271915310580219;0,000264924978520327;0,000277064321015301;
0,000288877378269699;0,000243064036706845;0,000228607004234446;0,000229678118773829;0,000233631813659666;0,000243000845941438;0,000250645864735297;0,000258691502065105;0,000260661839080642;0,000268074153514634;0,000275958062611582;0,000286917436480945;0,000291262621589955;0,00028907832939136;0,000285785701590335;0,000285865745242741;0,000284124698065911;0,000289064098021804;0,000282377863856252;0,000281839045708462;0,000277528478439292;0,000271595117516867;0,000266327392179684;0,00026997336364243;
0,000294489678346781;0,000251352768784353;0,000238870032136221;0,000241208937782344;0,000243553180295257;0,000256675790000679;0,000257988012229897;0,000257115415236006;0,000253169635967125;0,000253967055107214;0,00025898455585838;0,000272732406312722;0,000282274697800204;0,000286685746969938;0,00027798193300454;0,000274854729198516;0,000266257481273764;0,000265278556884586;0,000262346475726083;0,000267509211392331;0,00026946392506014;0,000266207458346413;0,000256241526770256;0,000250472758126843;
0,000271866684532359;0,000255948651776317;0,000258139073976409;0,000261467449333939;0,000259843976207057;0,000265895099521158;0,000260431325742537;0,000250744014537297;0,00024272923318857;0,000242457955312887;0,000242023690338443;0,000249792521886591;0,00026230213393172;0,00026940890037084;0,000256493211775518;0,000257371590522184;0,000255155807797028;0,000249938931539074;0,000241056673438945;0,00024216865420204;0,000248837886620274;0,000243496847195982;0,000236962399279509;0,000253137191162583;
0,000267788814000632;0,000271822601928693;0,000277828081135155;0,000279345024106028;0,000275018461206972;0,000274715317358142;0,000257575617093589;0,000246357112643959;0,000244440254744972;0,000245937380376296;0,000241023057532036;0,000238444072229609;0,000244471495506375;0,000246426936407681;0,000236346208600488;0,000244197601172632;0,000245634238914224;0,000242955511595227;0,000232886702129912;0,000224113938792307;0,000231748815108976;0,00023432981262309;0,000244959107884854;0,000286932251433055;
0,000248078018956289;0,000289638251164496;0,000293094863775415;0,000289512889976107;0,000282150261601238;0,000269941169380901;0,000248805275663024;0,000248591653546644;0,000254108342172614;0,000249526269223635;0,0002408216876746;0,000239042744736788;0,000240704658579244;0,000240211421295479;0,000229438241356817;0,000241745020509474;0,000249963124973367;0,000248194449255618;0,000243534975808798;0,000238462593568593;0,00024376583130619;0,000244871257660085;0,000248778493477906;0,000294218945444016;
0,000215956107654346;0,000281718996801199;0,000289285627570676;0,000288175864756285;0,000282178484410126;0,000262551504271756;0,000244902690590361;0,000256363679521278;0,000265440742703224;0,000260742990051814;0,000253707322497229;0,00025340937204328;0,000249370342107462;0,000242526245502323;0,000239546599916728;0,00025288236019523;0,000261104935836835;0,000262409442203426;0,000260592026557155;0,000253394383997439;0,000250193997208965;0,000243975692910542;0,000243611074596831;0,000276913360367121;
0,000213471941826105;0,000273087792383378;0,000288014061319303;0,000287233783295515;0,000283240066068708;0,000267806721273975;0,000253645864002594;0,000262826781123416;0,000266774985812924;0,000263874981500648;0,000258103624122696;0,000256839159257175;0,000255570576974925;0,000253930449804999;0,000255916754651057;0,000268937127907744;0,000270938862030117;0,000263940118690159;0,000257205827294438;0,000250678728302448;0,000246404688922025;0,000243979637161563;0,000251331796706986;0,000276093916751602;
0,000239411003240773;0,000266232054638826;0,000272121760592722;0,00026832763369301;0,00026911332018584;0,000267121812635079;0,000265334144025087;0,000272302727469508;0,000274918787787852;0,000272506120977342;0,000268583493866324;0,000267202125091006;0,000266536041518555;0,00026492290073196;0,000262673306469568;0,000260839422553722;0,000258674591902019;0,000254597802905062;0,0002561014757437;0,000265703400301964;0,000269052180249231;0,000271587364400675;0,000273381175260522;0,000268432048018759;
0,000263013001075021;0,000259871194291053;0,000252588169170446;0,000248006368592531;0,000253824539263611;0,000259482963279158;0,000267680243782055;0,000278746619553829;0,000284425848569413;0,00028532336110122;0,000283741303749769;0,00027578405890881;0,000266312589045785;0,000256327444773471;0,000249938990956743;0,000245631870382139;0,000247703543174545;0,000254022101998508;0,000265872614131363;0,000279348926039003;0,000282962775978916;0,000286660674498578;0,00028492145629247;0,000263528112600991;
0,000285216272733808;0,000258988945886334;0,000248304902112361;0,000239318811124894;0,000241879136308114;0,000250852252982679;0,00027220047678815;0,000283818747989918;0,000288930802566569;0,000294904430415013;0,000294739186752321;0,000278510140663927;0,000263541798012362;0,000257391204468777;0,000259228926665674;0,000252567407098685;0,000255117335365724;0,000264138666040733;0,000274040702520056;0,00028372342783948;0,000284192810007209;0,000288428626107703;0,000283833589399436;0,00024572137097993;
0,000298623313269764;0,000268764248797976;0,000259836626417178;0,000251720449692272;0,0002526913270293;0,000266401103371594;0,000287908655087839;0,000285725358480811;0,000282837106434331;0,000288078287564098;0,000282807655664804;0,000265312261298145;0,000253909569424244;0,000255901069722514;0,000258885527288995;0,000243309864234496;0,000241210934811513;0,000255296965932142;0,000264381512074396;0,000274602172630986;0,000279693503474204;0,000286272598186224;0,000276660005328847;0,000236669531213074;
0,000284733485288221;0,000274472203977635;0,000283107549418859;0,000278868052934277;0,00027638953603435;0,000284455200435185;0,000295564006297075;0,000269274434051705;0,00025548191404233;0,00025745362371103;0,000251779075837952;0,000236925943336861;0,000233120852139615;0,000244311424056843;0,000249580625743024;0,000231015263774538;0,000233182667575146;0,000247152274910308;0,000254582478668775;0,000269076088085389;0,00027764037303927;0,000285175588988779;0,000276235892336741;0,000236871106663656;
0,000294321462701176;0,000282911108017411;0,000287570900588837;0,000284071406637139;0,000281104698727392;0,000286257721701746;0,000293361608266972;0,000260148595495735;0,000246098352174993;0,00025296656439273;0,000249458646884101;0,000237667424730843;0,000236549634167133;0,00024665938310069;0,000254605158997428;0,000236905813608754;0,000234603887656013;0,000244029829220801;0,000245186498617048;0,000255424024571116;0,00026202549060909;0,000271864307658185;0,000277506854712126;0,000242548368139747;
0,000289583836350457;0,000269832569633453;0,000279475804287264;0,000286779473760911;0,000288011507993023;0,000291095075995537;0,000293717861323395;0,000267960378327731;0,000252044717605873;0,000251520450751831;0,000251431356967235;0,000247580824086272;0,000243809272901454;0,000247993261409911;0,000256743220791646;0,000249185763037918;0,000251846232986129;0,000257355450151788;0,000256797318087537;0,000264136585866733;0,000262140122493817;0,000266645833694565;0,000268656048588562;0,000239728229240199;
0,000251340315575964;0,000248883208090396;0,000254999821018923;0,000260460712198529;0,00026377864738916;0,00026093253474471;0,000261735042087602;0,000258110998619462;0,000254842253956789;0,000264700638722455;0,000269339489453822;0,000273968648431881;0,000270327475974047;0,000268377949626741;0,000277695505729328;0,000274580145886248;0,000273998314563097;0,000279107851723142;0,000280938538494681;0,000276912616786658;0,00026432039487745;0,00026019816358178;0,000250249245442024;0,000224283290662681;
0,000227543817842451;0,000246210099741125;0,000260098057142934;0,000263019152546393;0,00026886390578631;0,000267043427753238;0,000267056745720715;0,000266908803407641;0,000262234391861272;0,000270245071321428;0,000274438234337651;0,000280927431521509;0,00028117689193742;0,000284673234638588;0,000297264105544232;0,000297163995491673;0,000288534105510914;0,000285483690450315;0,000284314117777968;0,00027337794935971;0,000253763284003579;0,000246426515060214;0,000237652518501474;0,000220981146729093;
0,000231067354079772;0,00024704515144208;0,000260872913285262;0,000267130650175001;0,000274462768081686;0,000276104640182022;0,00027575466540946;0,000273548271198274;0,000267255203194707;0,000264543343913736;0,000269628615894116;0,000279180626047237;0,000280302132735545;0,000283429393193597;0,0002921676636247;0,000292849574335267;0,000284085309897582;0,000275570321148749;0,000281719722468145;0,000278123122467993;0,000261063506610508;0,000251870901384795;0,00024111142482705;0,000213552152935507;
0,000262481460939227;0,000261154751487616;0,000261764590722919;0,000262718281904783;0,000263120055003017;0,000261381390793942;0,000259639813522072;0,000268027184564007;0,00027191658230133;0,000272051604653231;0,000281839696295653;0,000289026235148112;0,000282387283939265;0,000272899541262329;0,000271902480312203;0,000276967987700446;0,000268800126709201;0,000262257789096714;0,00027855007323619;0,000279463004349518;0,000270421813330149;0,000264577725329394;0,000261749453989888;0,000234634056820975;
0,000279590217116248;0,000271002716015627;0,000259585628403646;0,000249322440099704;0,000243094558032108;0,000240132966794;0,000243436064187705;0,000260478682997738;0,000269200523750103;0,000267577258260102;0,000276194578700823;0,000277372346414585;0,00027002145112949;0,000264583849345701;0,000268609214484793;0,000280288935966013;0,000275173788152307;0,00026758455300868;0,000283946299716565;0,000278400295993008;0,000267200569813834;0,000256296412407729;0,000248921151179769;0,000221570104991273;
0,000274289008165279;0,000265347639102803;0,000249283139228238;0,000240506103918728;0,00023117108522467;0,000228802394963582;0,000230864119834707;0,000247332332628749;0,000259001608507602;0,000258914705896628;0,000262113824991364;0,000261538630170409;0,00025647547846912;0,000253646069560815;0,000258510172010398;0,000272469388816427;0,000272585150862011;0,000271436353202728;0,000283617328894641;0,000267019216818436;0,00025870859104701;0,000244190388017914;0,000235207957514045;0,00023406235851327;
0,00025228956167979;0,000256390195913217;0,000252754136320376;0,00025560268575167;0,00024566416351375;0,000237434258105489;0,000226879857699582;0,000228908287774856;0,000235530161066628;0,00023082508370375;0,000233689541290367;0,000235746788144896;0,000234114294870522;0,000233315452459801;0,000238626914741086;0,000252192474017077;0,000261305060989672;0,000268186287147563;0,000275805271312002;0,000259098332748436;0,000255519699598693;0,000244114588930951;0,00023816876404317;0,000253219663179253;
0,000234418312474925;0,000256933984110379;0,000257915544206143;0,000265994983281289;0,000254878021757775;0,000237203665841827;0,000225643476104949;0,000221650740855654;0,000224310378719522;0,000221391740737182;0,000225096575636566;0,000234399304849216;0,000234496054810031;0,000235042655181605;0,000243623811989885;0,000249221727445351;0,000252451897903889;0,00025374690509807;0,000248393789915228;0,000237474221304617;0,000238421355713064;0,000242295086857691;0,00025999078594436;0,000296226708389754;
0,00022913574654368;0,000242891541505781;0,000260380712563493;0,000284905875913176;0,000281414469245369;0,000270184055803733;0,000258409068680453;0,000250257060367894;0,000246325787749791;0,000237056321795507;0,000236084987185924;0,000245631287288187;0,000242082352036254;0,000242837624152027;0,000254032816274373;0,000260599990039664;0,000261305405662961;0,000251998480610885;0,000229880825122942;0,000221100473402991;0,000220969042945686;0,000236598072476204;0,000269055681756585;0,000316635191499814;
0,000240010938345663;0,000217610839505038;0,000228826154711376;0,000256743243544902;0,000260879253455099;0,000263773927132117;0,000263108277466431;0,000267295765348447;0,000269712846822938;0,000263520003151538;0,000263391214037393;0,000273662679420752;0,000268694542665937;0,000264937552960029;0,000269102296600979;0,000274401473209503;0,000274723317292509;0,000259406464446395;0,000227849375503604;0,00021776759758774;0,000218389154292599;0,000237370317385214;0,000273167969803586;0,000341632379288505;
0,00025396653897291;0,000226481697436769;0,000227446258174351;0,000238589614755593;0,000245061839694337;0,000259393368346898;0,000271013721118553;0,000283597779471259;0,000287849781547705;0,000286505376675018;0,000279205465492422;0,000275524674042872;0,000266050884713289;0,00026553406203579;0,000264596766085991;0,000265334370892146;0,000266798112131505;0,000255926597034415;0,000224844051843099;0,00021762130917501;0,000220706150106112;0,000244767199917158;0,000283263142871496;0,000368948524624647;
0,000258337092272203;0,000242322819368407;0,000241494784092564;0,000243563977029122;0,000254646011221621;0,000273045175529376;0,00028874960027189;0,00029769498263475;0,00029748465757094;0,000287147081715216;0,00027009951871565;0,000251813614113655;0,000239643667073484;0,000241981741349856;0,000242952749526627;0,000253752049793319;0,000260929042313585;0,000253593042503495;0,000232800002100946;0,00023011251465542;0,000228707265948931;0,000244448442992756;0,000272546122507272;0,000328620453503442;
0,000261152854549536;0,000251443399829334;0,000249820740323722;0,000245522435305054;0,000258249510301993;0,000279863947585393;0,000292348698538322;0,000299953179723734;0,000299487800853825;0,000285309517088477;0,000259254690591323;0,000234509407390257;0,000227989443322779;0,00023129861344326;0,000229147595817695;0,00024307043960526;0,000251908492303547;0,00025060945214332;0,00024157672251493;0,000246609855497551;0,000252532885803338;0,000260856715157278;0,000272317883349491;0,000298835868145305;
0,000293711451903801;0,000276170428933998;0,000259413318924927;0,000237445289077328;0,00024515239670615;0,000264421792497789;0,00027991118586818;0,000292108128836788;0,000292553324463581;0,000280138244899847;0,000256559461769745;0,000230914559393095;0,000228084332907191;0,00022840303135911;0,000226234953400566;0,000240550735139101;0,000242858521178858;0,000240907727629653;0,000243857877650294;0,000250009192120093;0,00025555362711872;0,00025385720252415;0,000260181584584738;0,000270214798308749;
0,000311067330181829;0,000280377380461182;0,000256642521079862;0,000233115544325759;0,000236657697780972;0,000249818979203934;0,000255514697609217;0,000261463510047064;0,000267628120856269;0,000267133636470022;0,000254162578426258;0,000234958256779583;0,000239886282792641;0,000235974317313208;0,000229877509813516;0,000240444959795986;0,000243746271321993;0,000245601796808028;0,000256580030685338;0,000261936233280587;0,000272721602838676;0,000267749389606911;0,000264049041951082;0,000252852250031459;
0,000307178118317123;0,0002805757894019;0,000265466330748791;0,000246846360975622;0,000244978542702775;0,000245116843463629;0,000236424420367961;0,000228979763895572;0,000236074286154111;0,000247720348124192;0,000250987411262344;0,000248923266828668;0,000263089604455441;0,00025153745307314;0,00023429239913864;0,000232626838484611;0,000235076726339399;0,000246663259382614;0,000261004164838567;0,000267430056384001;0,000280910301927979;0,000267290557636623;0,000252699757611725;0,000237628979079034;
0,000264795442601037;0,000285862362915551;0,000283809369549113;0,000270563090394822;0,000261330949191238;0,000239834161279757;0,00022252725691772;0,000213107312801904;0,000216636151197814;0,000231540252671058;0,000241270748421958;0,000249652005835452;0,000269260896993301;0,000258259101191699;0,000249567346327581;0,000242356039877863;0,000240136899530896;0,000253947277316916;0,000268492699639616;0,000271845826125636;0,000287855013745587;0,00027489568695605;0,00026539921823942;0,000258939539513564;
0,000242251219988634;0,000286752373800238;0,000300079091512813;0,000297459281580834;0,000289581292859409;0,000262246674318647;0,000237532788144272;0,000218860827585268;0,000213338846692441;0,000222078348863878;0,000234175538777452;0,000253040356093365;0,000277591819544418;0,000277903797743753;0,000280401276787858;0,000269952869428055;0,000263758367942497;0,000268621315927745;0,00027964820817478;0,000288283346125632;0,000303000212615988;0,000301937409673523;0,000298472513321548;0,000286372498585836;
0,000278763246860998;0,000275852988939762;0,00027946687049941;0,000285549925848016;0,00028206150513521;0,000270338954628506;0,000259653642889072;0,000240521748478694;0,000226512054438738;0,000230123998039373;0,000247966249382407;0,00027092560417498;0,000289587507416428;0,000299261181823623;0,000304578733583213;0,000289882602333734;0,000284785087640194;0,000286953852320667;0,00028869862818536;0,000290424140795659;0,000298415780625882;0,000309587612204788;0,000323039423780805;0,000345741228824676;
0,000319828683006108;0,000280101874290476;0,000262301564225741;0,000260023471427588;0,000257440929122649;0,000258324355328046;0,000265856262591196;0,000260916526138626;0,000252254830719602;0,000257822811466504;0,000273976016401043;0,000288975075034758;0,000298707656166756;0,000309843178712203;0,000307522314397891;0,000285483595479578;0,000280480865167628;0,000278842681925676;0,000271119364177977;0,000266127425039198;0,000274015891332225;0,000297132731255101;0,000325184264562164;0,000386447226699231;
0,000358386281177192;0,000299507532480522;0,000259959498161614;0,000242245124191652;0,000238919829921815;0,000244369426858521;0,000262301310113145;0,000263408431801505;0,000257079712405793;0,000264886853655874;0,000274706743328352;0,000277958675336707;0,00028720790993701;0,000304930345736948;0,000306738107990457;0,000288840524430719;0,000280965646468981;0,000277041772214995;0,000263371818730422;0,000251745568573428;0,000256403353718953;0,000282154878652258;0,000313924959605138;0,000369083609853617;
0,000329977412773218;0,000286903701021884;0,000256081551960006;0,000240638498656301;0,000237016847356762;0,000240055578946853;0,00024878736416278;0,000248306021392898;0,000238347668876684;0,000239836303323688;0,000245474949998457;0,000248791871517094;0,000263815056631663;0,00029357426609475;0,00030423343854443;0,000295609137077926;0,000287641179875357;0,000280433245180342;0,000268117102578207;0,000251459321232544;0,000251458740627853;0,000273931774323711;0,000286124914979625;0,000318308808902654;
0,000268233448744318;0,000270133340283562;0,000254984677489323;0,000244163363446139;0,000240701831441001;0,000236681194183231;0,000236183547463922;0,000239663665790606;0,000228225934129486;0,00022458249753127;0,000225253652958391;0,000228798122968203;0,000239149612891639;0,000259731143035101;0,000274146673158697;0,000281574037047768;0,000274765561755311;0,000262972862269798;0,000256027828240728;0,000243426720438661;0,000235742203349489;0,000241619294101749;0,000250097974175023;0,000266079913661399;
0,000264899027797425;0,000247774465915432;0,000233952983776096;0,000235479957373625;0,000237496512537185;0,000238993171885499;0,000235889476390567;0,000233488866065656;0,00022586419453024;0,000216249309044714;0,00021506446048716;0,00022204937525747;0,000234038108225524;0,000243210086202233;0,000253339040986537;0,000265013482665156;0,000258634122764616;0,000240842311351542;0,000242549820330897;0,00024673801511997;0,000249377442132591;0,00025287172005356;0,000255485548676559;0,000230568709314396;
0,000275228546200827;0,000242735662081086;0,000240116669580748;0,000245069002521993;0,000245401402435976;0,000243056867225461;0,000229658853027571;0,000214095342044781;0,000206272696800817;0,000196574008510216;0,000202641942177847;0,000219838827997705;0,000239222189229092;0,000242960438540259;0,000244284213428416;0,000256041630540963;0,00025105401440678;0,000232392506746768;0,000235196958270555;0,000253600835324792;0,000261702640115037;0,00026090664970131;0,000253286930191002;0,000208224176229568;
0,000235558378369028;0,000235987178104373;0,000246261055973783;0,000249792094996219;0,00024618395873179;0,000240233838760454;0,000223203862827372;0,00021426811858171;0,00021492692122874;0,000206689331743274;0,000206727690970303;0,00021079702552252;0,000215715839827869;0,000210427742007035;0,000213437433894726;0,000233936304418499;0,000245402956738663;0,000240715636690205;0,000248198591058244;0,000258813626943444;0,000257999597447469;0,000241025022497282;0,000222971932555012;0,000183822410193317;
0,000196965053304381;0,000211245506370229;0,000229373605759732;0,000244043257568857;0,000246779270552774;0,000248089234070167;0,000234126958847675;0,000225754083198192;0,000226157441622566;0,000209214691890399;0,000198855785838722;0,000198683216381346;0,000194341531174465;0,000185047250222595;0,000189877736543435;0,000213058704469991;0,000234111116128236;0,000237046613136833;0,000252452458687907;0,000273973650476137;0,00027371783237934;0,000253887096357227;0,000230453833441029;0,000174789984886521;
0,000182610078329155;0,000204913413986888;0,000230823573615937;0,000258833164526985;0,000270607241538965;0,00027851655767125;0,000264282401390027;0,000244752630782944;0,000226432262194536;0,000196844696941661;0,000180196491964306;0,000178242960765455;0,0001684223430963;0,000166117796433788;0,000174417383165318;0,000197455470228046;0,000218315119922718;0,000233060307044702;0,000253471503644174;0,000279310143675278;0,000277649365977455;0,000268899039235732;0,000255962892848109;0,000208064242379783;
0,000215641026629928;0,000239136178338262;0,000262593002207172;0,000275524554999887;0,000273417959188791;0,000266299221722094;0,000250449912538275;0,000228694168340323;0,000208299003422175;0,000190097236109964;0,000184445807043194;0,000187521830697235;0,000178529659600595;0,000183275659954512;0,000189537581562461;0,000195391561315757;0,000208726146364189;0,000220131408268192;0,000236959593414591;0,000253887481860919;0,000249866586667515;0,000252009199208712;0,000247843807488426;0,000222798135642216;
0,000257460511102934;0,000255424340114584;0,000259669559283523;0,000261716281874701;0,00024989164042444;0,000237852113582918;0,000230456839573022;0,0002118039991403;0,00020097405776876;0,000197178617352445;0,000201755687655879;0,000213523989542564;0,000209587546025015;0,00021513085391694;0,000214178318357138;0,000202640156927084;0,000204622393565766;0,000210811097319176;0,000222775529907068;0,000236602758676451;0,000239127296163686;0,000248611943518352;0,000246581725123247;0,000230780483358065;
0,000279236764666463;0,000258900467599085;0,000257725564821883;0,000256974539766346;0,000242063988150073;0,0002322950998526;0,0002260691732306;0,000207206316229456;0,000199407709303679;0,000198279698919148;0,000207670057115849;0,000225090856372154;0,000225682200556189;0,000238506940371916;0,000236365624295207;0,000211490029065077;0,000200093204375539;0,000199202874953328;0,000199613247241709;0,000205916284138155;0,000209845207264831;0,000230517983947918;0,000230362386611281;0,000232210300001111;
0,000258890243750998;0,00027513341063895;0,000272512419422806;0,000266289555902218;0,00024468829048671;0,000222823992246798;0,000213606265478799;0,000202716521087525;0,000200276376026236;0,000205323143429101;0,000216255804194341;0,000232266220056557;0,000226629230802174;0,000230395876046491;0,00022749172311648;0,000205728485609279;0,000190677514709287;0,000189148799043627;0,000184001516469847;0,000180197298204457;0,000177688061435803;0,000190680774537091;0,000203087464657083;0,000231940673712782;
0,000271053013477187;0,000286370144165404;0,000266625164406873;0,000248827888325642;0,000228844073766536;0,000210344379815553;0,000204797083464172;0,000204279621376356;0,000209487014044694;0,000217367670882571;0,000223202605561377;0,000236230271876291;0,000233716053622905;0,00022765827091798;0,000216903142846549;0,000194638907344328;0,000175464105280264;0,000172994324785527;0,000172486244301501;0,000176369174951697;0,000182850605113017;0,000192223655962384;0,000210107250096782;0,000241467116260899;
0,000276013634185294;0,000289742604645013;0,000265206930941968;0,0002389268604924;0,000224766176117103;0,000204162307201424;0,000195103300898802;0,000195598716254033;0,000201916358700662;0,000206660220767194;0,000210740167718337;0,000218470852518534;0,000226288714776226;0,000220789375558255;0,000205880492190522;0,000189273495523641;0,000174947332693775;0,000175475493769205;0,000179733739452247;0,000189374313437163;0,000202034412510217;0,000210677520165899;0,000219881191958395;0,000233027222004968;
0,000247525388727073;0,000262785263677736;0,00024164595492817;0,000212247860862731;0,000198749436088512;0,000179716730198877;0,000180616123946461;0,000198657591244844;0,00021506370970137;0,000223548411642468;0,000232975583652559;0,00022751316313208;0,000222529233348084;0,000208574059488612;0,000196981667364697;0,000186484939156293;0,000172683747411157;0,000170299115566521;0,000173496257880116;0,000176371203539368;0,000184480295571108;0,00019419986395119;0,000209176511081499;0,000225624223164089;
0,000255306916374059;0,00024304023838533;0,000215126680944301;0,000188785074364873;0,0001812105009491;0,000181528786867917;0,000191378746678477;0,000212911705117487;0,000233506593194774;0,000239328179338648;0,000237335426598995;0,000217339428510813;0,000204317842683977;0,000186855711821097;0,000177568929271943;0,000175742216126984;0,000177339145406808;0,000181299126536804;0,000180957555149035;0,000179725795510397;0,000186680417336672;0,00018827633748389;0,000202764870443072;0,000230050203768099;
0,000206546787998044;0,000212129749782519;0,000199356792572697;0,000192371694748281;0,000201118980064772;0,00020878719766377;0,000212592237337407;0,000226398516336971;0,000230529042366657;0,000222942628494785;0,000214103249593095;0,000195964049883867;0,000189918084133967;0,000169846100468236;0,000160650074911357;0,000167370048102584;0,000173360343566969;0,000191621933348536;0,000202848942797399;0,000204167527916352;0,000211567927558482;0,000198818622246678;0,00019932455519734;0,000218745053572422;
0,000198136624367842;0,000225446012853067;0,000231680139021198;0,000222110083999523;0,000226713813784329;0,000218519469118536;0,000203288763600379;0,000199891123054764;0,000184558012613204;0,000180948490021949;0,000180499999543445;0,000168241433587424;0,00016789266271401;0,000156055302494234;0,00015519453154492;0,000164215348152496;0,00017505396870736;0,000201458088971426;0,000223287141107653;0,000227800330258761;0,000228845271815414;0,000217127102235556;0,000213417435325267;0,000216544629435512;
0,000194067658213817;0,000188051364218046;0,000199094180728479;0,000207611635883032;0,000210892341955631;0,000205591961195904;0,000198578724735053;0,000189357210154984;0,000162938051333612;0,00015663361227049;0,000160160980991906;0,000154112210281115;0,000144825038769009;0,0001335220859777;0,000137538303862172;0,000150188379134231;0,000169917829540431;0,000194247775237974;0,000219345066781947;0,00022633609122395;0,000223746076136874;0,000212222217942213;0,000208324349539665;0,00020295348174828;
0,00018548613071804;0,00015670021156128;0,000169546315084761;0,000174946505627164;0,00017862505812289;0,000185459929572235;0,000186727431123668;0,000175853970303362;0,00015250979071053;0,000139160231645516;0,000135323940017279;0,000131920735771537;0,00012832371643749;0,000128745864260715;0,000138661439803572;0,000149106051907249;0,000168753367751749;0,000182782299106643;0,000196808695713156;0,000205475952505348;0,000202280129914177;0,000192311376682762;0,000188587305495899;0,000190735534594921;
0,000181807318172158;0,00014580521009809;0,000154242946876606;0,000160452245624503;0,00016501279989901;0,000184067996854696;0,000191328583369486;0,000180786766209534;0,000166787244057181;0,000152954681436322;0,00014200069508793;0,000134242954280488;0,000127537350784477;0,000135583053634439;0,000143090929402552;0,000151434657875325;0,000162421878928216;0,000165704902515829;0,000172076274073175;0,000175760862983082;0,000172123915786002;0,000170190845807771;0,000170552770643471;0,000167871123085965;
0,000162531737888646;0,000146117435773134;0,000153142278442353;0,000151771146849263;0,000155761552571253;0,000168196553847288;0,000169811440076132;0,000166160439928964;0,000164798566621585;0,000163435540100262;0,000154993414313757;0,000146533745485588;0,000147924424842558;0,000153352716370426;0,000149927583720594;0,000154850233203214;0,000166506331303518;0,000171659692108186;0,00016977053504159;0,000169395313780568;0,000170410989297207;0,000166072661457967;0,000158546531250532;0,000165645214048689;
0,000142464040575806;0,000155407448623831;0,000158864092909206;0,000153369431458932;0,000157948485238826;0,000157029430588128;0,000153384612738532;0,000155984010329893;0,000163383189571437;0,000167327625296571;0,000157217833343475;0,000148319543758825;0,000152670005895376;0,000148176151953248;0,000138483902707084;0,000148418740565106;0,000166393751198086;0,000177661160426933;0,000178808237982995;0,000177588284290886;0,000179416549422845;0,000166169003780867;0,000154949149221676;0,000157549186516931;
0,000172397109139436;0,000159625408090093;0,000152094278931424;0,000149830274205499;0,00015574451831858;0,000153049437991505;0,000157128937876335;0,000163575943677488;0,000167344168084274;0,000170513002626594;0,000160700082956181;0,000151236299291474;0,000153032586602251;0,000146244633994277;0,00014021958258822;0,000142931739012192;0,000145228783336229;0,000146237778739947;0,00013984535613637;0,000138031540298807;0,000142991939681838;0,000145589025743739;0,000147083970095069;0,000137358345871143;
0,000180603898756303;0,000142683687277714;0,000128592192091305;0,000138585610691647;0,000152769158813092;0,000162266491407456;0,000171928795890769;0,000175387327855047;0,000179832868114135;0,000180571492877384;0,000165439099026337;0,000157669361869936;0,000161222769992559;0,000156469406935569;0,000151721988196282;0,00014890144791785;0,000146316045366671;0,000139210065567398;0,000124038466015085;0,000115929761956999;0,000121793222844192;0,000129842652447024;0,000127366052427769;0,000120693060382521;
0,000152613949811314;0,000130444638432906;0,000111056987219448;0,000119397831316342;0,000125992671652845;0,000129322198218247;0,00013677612028202;0,000153360018309288;0,000172393733843866;0,00018292750551699;0,000179128714355284;0,000182777315819222;0,000187443134430887;0,000177962185442495;0,000171385294844034;0,000164493445474192;0,000154557813718397;0,000144699841421219;0,000133495363372793;0,000122494548046749;0,000123949093907897;0,000118835109155817;9,88470364266248E-05;6,66742016564858E-05;
0,000124686322709217;0,000120927343345607;0,000110998701989171;0,00012061938834735;0,000124607832378128;0,000127908859237499;0,000137481637593488;0,000157337779130214;0,000170724037795351;0,000176963910327979;0,000180407337043601;0,000179351056126922;0,0001748617082596;0,000167327873135101;0,000169127392422859;0,000167381257239338;0,000158986898687857;0,000153795927804117;0,000150044586432054;0,000138732030801023;0,00013477529334238;0,000128151097355107;0,000110843887613331;8,18606543114865E-05;
0,000127229091933468;8,63526115960217E-05;6,68723966159614E-05;9,39064739450054E-05;0,000111558698513874;0,000126167870228564;0,000143827612465023;0,000161020754818974;0,000163839292807101;0,000168524754199295;0,000172152650536288;0,000172964255269794;0,000153775938709433;0,000132397851471733;0,000136490159237965;0,000138874433571886;0,000138436621200644;0,000141720481563843;0,000139276393369334;0,000127530764127557;0,000116140992870932;0,000105002655985007;9,26855068794553E-05;6,72182603694315E-05;
8,07759674315717E-05;3,76923018734944E-05;1,10850162741488E-05;3,0384121409797E-05;5,70290566072114E-05;7,75481381659257E-05;0,000118187801771783;0,00014682419078316;0,000147723862668315;0,000157328843660453;0,000163495592963763;0,000170375517238254;0,000143804654074792;0,000110629417791653;0,00012796491558353;0,000125675667916985;0,000130746668954841;0,000138167626718612;0,000132975787245429;0,000115388201667986;9,12911298320315E-05;7,55742809237146E-05;7,3791695311637E-05;7,32390745640308E-05;
-4,70415107762703E-05;-6,46196359522445E-05;-8,94118561955841E-05;-8,24278087823857E-05;-4,55062841894059E-05;3,82402109470188E-05;0,000103390815396036;0,000138457817865494;0,000151235965089819;0,000167710509524525;0,000163143513617921;0,000181995418602507;0,000148186383383756;0,000138954788101712;0,000171035182098869;0,000174662013364193;0,000168677547565135;0,000151138026502405;0,000145994444357796;0,000127455987672087;8,98338948042677E-05;8,64381979804469E-05;6,88169374137127E-05;2,88568615791634E-05;
-0,000108118487873418;-9,13214496123122E-05;-0,000107723334162696;-0,000137867309370425;-9,37354828951637E-05;1,95105565802146E-05;5,97955037045099E-05;8,25669467460222E-05;0,000144408222207463;0,000190215568008704;0,000183966574140936;0,000200180472420893;0,000165119414327121;0,000200903678867598;0,000237547446828987;0,000226059923132475;0,000230658780513586;0,000216869294112171;0,000229551184222073;0,000256842537340621;0,000263132816724427;0,000291820934167423;0,000282260352421256;0,00038088140116638;
